ID	lgth	out	in	long_cov	short1_cov	short1_Ocov	short2_cov	short2_Ocov	long_nb	short1_nb	short2_nb
1	311	2	2	0.000000	22.610932	21.453376	0.000000	0.000000	0	0	0
2	143	1	1	0.000000	21.496503	20.370629	0.000000	0.000000	0	0	0
3	4	1	2	0.000000	22.500000	22.500000	0.000000	0.000000	0	0	0
4	3	3	2	0.000000	45.666667	42.000000	0.000000	0.000000	0	0	0
5	8	1	1	0.000000	22.250000	22.250000	0.000000	0.000000	0	0	0
6	311	2	2	0.000000	15.186495	14.604502	0.000000	0.000000	0	0	0
7	10	1	1	0.000000	24.000000	22.000000	0.000000	0.000000	0	0	0
8	505	2	2	0.000000	15.926733	15.029703	0.000000	0.000000	0	0	0
9	26	1	1	0.000000	12.192308	12.115385	0.000000	0.000000	0	0	0
10	10	1	1	0.000000	22.900000	22.900000	0.000000	0.000000	0	0	0
11	1	2	2	0.000000	34.000000	34.000000	0.000000	0.000000	0	0	0
12	2	2	2	0.000000	62.000000	52.000000	0.000000	0.000000	0	0	0
13	1	2	2	0.000000	61.000000	23.000000	0.000000	0.000000	0	0	0
14	1	2	3	0.000000	85.000000	58.000000	0.000000	0.000000	0	0	0
15	1	1	2	0.000000	91.000000	70.000000	0.000000	0.000000	0	0	0
16	3	2	2	0.000000	99.666667	77.666667	0.000000	0.000000	0	0	0
17	1	1	1	0.000000	79.000000	61.000000	0.000000	0.000000	0	0	0
18	1	2	3	0.000000	90.000000	72.000000	0.000000	0.000000	0	0	0
19	1	1	2	0.000000	108.000000	89.000000	0.000000	0.000000	0	0	0
20	4	1	2	0.000000	109.250000	89.000000	0.000000	0.000000	0	0	0
21	1	1	2	0.000000	117.000000	97.000000	0.000000	0.000000	0	0	0
22	2	2	1	0.000000	41.000000	14.000000	0.000000	0.000000	0	0	0
23	3	1	2	0.000000	41.666667	13.000000	0.000000	0.000000	0	0	0
24	4	1	1	0.000000	33.000000	18.000000	0.000000	0.000000	0	0	0
25	4	1	2	0.000000	33.000000	18.000000	0.000000	0.000000	0	0	0
26	1	1	2	0.000000	37.000000	11.000000	0.000000	0.000000	0	0	0
27	87	1	2	0.000000	13.264368	12.977011	0.000000	0.000000	0	0	0
28	15	2	2	0.000000	27.600000	17.933333	0.000000	0.000000	0	0	0
29	7	1	1	0.000000	28.142857	10.714286	0.000000	0.000000	0	0	0
30	1	2	4	0.000000	163.000000	47.000000	0.000000	0.000000	0	0	0
31	3	3	1	0.000000	164.333333	47.333333	0.000000	0.000000	0	0	0
32	1	1	1	0.000000	112.000000	16.000000	0.000000	0.000000	0	0	0
33	1	2	2	0.000000	123.000000	27.000000	0.000000	0.000000	0	0	0
34	1	3	2	0.000000	137.000000	42.000000	0.000000	0.000000	0	0	0
35	2	2	2	0.000000	108.500000	25.000000	0.000000	0.000000	0	0	0
36	1	3	2	0.000000	146.000000	82.000000	0.000000	0.000000	0	0	0
37	1	1	1	0.000000	107.000000	62.000000	0.000000	0.000000	0	0	0
38	1	2	1	0.000000	81.000000	34.000000	0.000000	0.000000	0	0	0
39	1	2	1	0.000000	66.000000	17.000000	0.000000	0.000000	0	0	0
40	3	1	1	0.000000	76.000000	20.000000	0.000000	0.000000	0	0	0
41	3	2	1	0.000000	100.000000	29.333333	0.000000	0.000000	0	0	0
42	1	2	1	0.000000	81.000000	19.000000	0.000000	0.000000	0	0	0
43	5	2	2	0.000000	76.600000	39.000000	0.000000	0.000000	0	0	0
44	1	1	1	0.000000	76.000000	24.000000	0.000000	0.000000	0	0	0
45	32	1	1	0.000000	1.000000	1.000000	0.000000	0.000000	0	0	0
46	463	1	2	0.000000	14.468683	14.149028	0.000000	0.000000	0	0	0
47	37	1	1	0.000000	17.513514	16.162162	0.000000	0.000000	0	0	0
48	64	1	1	0.000000	20.125000	19.406250	0.000000	0.000000	0	0	0
49	15	1	1	0.000000	9.600000	9.600000	0.000000	0.000000	0	0	0
50	42	1	1	0.000000	10.000000	10.000000	0.000000	0.000000	0	0	0
51	1	1	2	0.000000	18.000000	18.000000	0.000000	0.000000	0	0	0
52	2	1	1	0.000000	120.000000	35.000000	0.000000	0.000000	0	0	0
53	3	1	1	0.000000	119.666667	13.666667	0.000000	0.000000	0	0	0
54	160	1	2	0.000000	17.812500	17.200000	0.000000	0.000000	0	0	0
55	6	1	1	0.000000	1.666667	1.666667	0.000000	0.000000	0	0	0
56	2	2	2	0.000000	5.000000	5.000000	0.000000	0.000000	0	0	0
57	7	1	1	0.000000	1.000000	1.000000	0.000000	0.000000	0	0	0
58	1	2	2	0.000000	2.000000	2.000000	0.000000	0.000000	0	0	0
59	10	1	1	0.000000	1.000000	1.000000	0.000000	0.000000	0	0	0
60	1	2	2	0.000000	2.000000	2.000000	0.000000	0.000000	0	0	0
61	2	2	1	0.000000	1.500000	1.500000	0.000000	0.000000	0	0	0
62	1	1	1	0.000000	1.000000	1.000000	0.000000	0.000000	0	0	0
63	3	2	2	0.000000	2.000000	2.000000	0.000000	0.000000	0	0	0
64	3	1	1	0.000000	1.000000	1.000000	0.000000	0.000000	0	0	0
65	1	2	2	0.000000	14.000000	14.000000	0.000000	0.000000	0	0	0
66	5	1	2	0.000000	3.000000	2.000000	0.000000	0.000000	0	0	0
67	2	1	2	0.000000	7.000000	6.000000	0.000000	0.000000	0	0	0
68	2	1	4	0.000000	159.500000	12.000000	0.000000	0.000000	0	0	0
69	1	1	1	0.000000	168.000000	119.000000	0.000000	0.000000	0	0	0
70	1	3	3	0.000000	173.000000	115.000000	0.000000	0.000000	0	0	0
71	4	1	1	0.000000	7.000000	7.000000	0.000000	0.000000	0	0	0
72	3	2	2	0.000000	7.000000	7.000000	0.000000	0.000000	0	0	0
73	1	1	1	0.000000	6.000000	6.000000	0.000000	0.000000	0	0	0
74	2	3	2	0.000000	209.500000	15.500000	0.000000	0.000000	0	0	0
75	2	4	2	0.000000	167.500000	167.500000	0.000000	0.000000	0	0	0
76	5	1	1	0.000000	21.200000	21.200000	0.000000	0.000000	0	0	0
77	2	1	1	0.000000	18.000000	18.000000	0.000000	0.000000	0	0	0
78	10	2	2	0.000000	19.400000	19.300000	0.000000	0.000000	0	0	0
79	3	1	1	0.000000	18.000000	16.000000	0.000000	0.000000	0	0	0
80	1	4	3	0.000000	146.000000	17.000000	0.000000	0.000000	0	0	0
81	1	1	1	0.000000	134.000000	14.000000	0.000000	0.000000	0	0	0
82	5	2	1	0.000000	2.400000	2.400000	0.000000	0.000000	0	0	0
83	40	1	1	0.000000	3.750000	3.500000	0.000000	0.000000	0	0	0
84	2	1	1	0.000000	13.500000	13.500000	0.000000	0.000000	0	0	0
85	2	1	2	0.000000	19.500000	15.000000	0.000000	0.000000	0	0	0
86	2	2	3	0.000000	79.000000	35.000000	0.000000	0.000000	0	0	0
87	1	4	2	0.000000	79.000000	36.000000	0.000000	0.000000	0	0	0
88	2	2	1	0.000000	18.000000	18.000000	0.000000	0.000000	0	0	0
89	1	2	1	0.000000	9.000000	9.000000	0.000000	0.000000	0	0	0
90	4	1	1	0.000000	4.000000	4.000000	0.000000	0.000000	0	0	0
91	1	1	3	0.000000	163.000000	35.000000	0.000000	0.000000	0	0	0
92	2	1	1	0.000000	6.000000	6.000000	0.000000	0.000000	0	0	0
93	2	2	2	0.000000	8.000000	8.000000	0.000000	0.000000	0	0	0
94	4	1	1	0.000000	9.500000	9.500000	0.000000	0.000000	0	0	0
95	1	3	1	0.000000	101.000000	65.000000	0.000000	0.000000	0	0	0
96	102	2	2	0.000000	20.990196	20.696078	0.000000	0.000000	0	0	0
97	23	2	1	0.000000	13.608696	13.608696	0.000000	0.000000	0	0	0
98	3	1	1	0.000000	16.000000	16.000000	0.000000	0.000000	0	0	0
99	1	2	2	0.000000	134.000000	98.000000	0.000000	0.000000	0	0	0
100	1	1	3	0.000000	104.000000	102.000000	0.000000	0.000000	0	0	0
101	1	3	2	0.000000	107.000000	104.000000	0.000000	0.000000	0	0	0
102	1	2	2	0.000000	117.000000	117.000000	0.000000	0.000000	0	0	0
103	2	2	1	0.000000	91.000000	91.000000	0.000000	0.000000	0	0	0
104	2	4	3	0.000000	200.500000	83.500000	0.000000	0.000000	0	0	0
105	1	1	2	0.000000	101.000000	68.000000	0.000000	0.000000	0	0	0
106	1	1	2	0.000000	97.000000	63.000000	0.000000	0.000000	0	0	0
107	3	1	2	0.000000	98.666667	64.000000	0.000000	0.000000	0	0	0
108	1	4	2	0.000000	98.000000	62.000000	0.000000	0.000000	0	0	0
109	2	3	1	0.000000	54.000000	33.500000	0.000000	0.000000	0	0	0
110	2	2	2	0.000000	37.500000	34.500000	0.000000	0.000000	0	0	0
111	8	1	1	0.000000	18.625000	17.625000	0.000000	0.000000	0	0	0
112	98	1	2	0.000000	25.908163	24.459184	0.000000	0.000000	0	0	0
113	1	3	3	0.000000	777.000000	777.000000	0.000000	0.000000	0	0	0
114	1	2	2	0.000000	120.000000	87.000000	0.000000	0.000000	0	0	0
115	0	5	1	Inf	Inf	Inf	Inf	Inf	0	0	0
116	1	4	1	0.000000	77.000000	56.000000	0.000000	0.000000	0	0	0
117	1	4	1	0.000000	62.000000	28.000000	0.000000	0.000000	0	0	0
118	3	1	1	0.000000	15.666667	15.666667	0.000000	0.000000	0	0	0
119	28	1	2	0.000000	9.285714	9.285714	0.000000	0.000000	0	0	0
120	2	2	3	0.000000	104.000000	88.500000	0.000000	0.000000	0	0	0
121	1	3	1	0.000000	103.000000	69.000000	0.000000	0.000000	0	0	0
122	1	1	2	0.000000	85.000000	35.000000	0.000000	0.000000	0	0	0
123	1	1	1	0.000000	100.000000	43.000000	0.000000	0.000000	0	0	0
124	2	3	2	0.000000	118.500000	42.500000	0.000000	0.000000	0	0	0
125	1	2	2	0.000000	100.000000	13.000000	0.000000	0.000000	0	0	0
126	139	1	2	0.000000	16.244604	15.402878	0.000000	0.000000	0	0	0
127	10	1	2	0.000000	3.600000	3.600000	0.000000	0.000000	0	0	0
128	1	1	2	0.000000	8.000000	8.000000	0.000000	0.000000	0	0	0
129	358	2	2	0.000000	7.879888	7.776536	0.000000	0.000000	0	0	0
130	1	1	2	0.000000	123.000000	90.000000	0.000000	0.000000	0	0	0
131	1	2	2	0.000000	125.000000	92.000000	0.000000	0.000000	0	0	0
132	1	2	5	0.000000	124.000000	39.000000	0.000000	0.000000	0	0	0
133	1	2	4	0.000000	183.000000	56.000000	0.000000	0.000000	0	0	0
134	0	2	1	Inf	Inf	Inf	Inf	Inf	0	0	0
135	1	2	1	0.000000	232.000000	46.000000	0.000000	0.000000	0	0	0
136	14	1	1	0.000000	13.214286	12.214286	0.000000	0.000000	0	0	0
137	3	1	2	0.000000	53.000000	35.333333	0.000000	0.000000	0	0	0
138	3	1	2	0.000000	47.666667	30.666667	0.000000	0.000000	0	0	0
139	6	1	2	0.000000	48.166667	29.333333	0.000000	0.000000	0	0	0
140	1	1	2	0.000000	61.000000	42.000000	0.000000	0.000000	0	0	0
141	2	1	2	0.000000	78.000000	32.000000	0.000000	0.000000	0	0	0
142	3	1	2	0.000000	76.666667	35.000000	0.000000	0.000000	0	0	0
143	2	1	2	0.000000	87.500000	35.000000	0.000000	0.000000	0	0	0
144	8	1	1	0.000000	14.625000	14.625000	0.000000	0.000000	0	0	0
145	8	1	2	0.000000	14.125000	14.125000	0.000000	0.000000	0	0	0
146	15	1	2	0.000000	13.933333	13.933333	0.000000	0.000000	0	0	0
147	103	1	2	0.000000	19.155340	18.446602	0.000000	0.000000	0	0	0
148	26	1	1	0.000000	22.576923	22.230769	0.000000	0.000000	0	0	0
149	115	2	2	0.000000	13.513043	12.939130	0.000000	0.000000	0	0	0
150	201	2	2	0.000000	20.781095	19.820896	0.000000	0.000000	0	0	0
151	15	1	1	0.000000	23.133333	23.133333	0.000000	0.000000	0	0	0
152	63	1	0	0.000000	1.000000	1.000000	0.000000	0.000000	0	0	0
153	1	1	4	0.000000	68.000000	2.000000	0.000000	0.000000	0	0	0
154	1	1	2	0.000000	15.000000	15.000000	0.000000	0.000000	0	0	0
155	0	2	2	Inf	Inf	Inf	Inf	Inf	0	0	0
156	1	5	2	0.000000	134.000000	90.000000	0.000000	0.000000	0	0	0
157	25	2	1	0.000000	13.520000	13.520000	0.000000	0.000000	0	0	0
158	4	1	3	0.000000	86.750000	24.000000	0.000000	0.000000	0	0	0
159	1	2	2	0.000000	89.000000	25.000000	0.000000	0.000000	0	0	0
160	2	2	1	0.000000	62.000000	14.500000	0.000000	0.000000	0	0	0
161	1	2	1	0.000000	32.000000	16.000000	0.000000	0.000000	0	0	0
162	20	4	1	0.000000	19.350000	9.400000	0.000000	0.000000	0	0	0
163	2	1	1	0.000000	18.000000	15.000000	0.000000	0.000000	0	0	0
164	4	1	3	0.000000	21.750000	17.750000	0.000000	0.000000	0	0	0
165	175	1	2	0.000000	19.662857	19.405714	0.000000	0.000000	0	0	0
166	8	1	2	0.000000	21.000000	21.000000	0.000000	0.000000	0	0	0
167	185	1	2	0.000000	15.027027	14.454054	0.000000	0.000000	0	0	0
168	2	1	2	0.000000	5.000000	5.000000	0.000000	0.000000	0	0	0
169	2	2	2	0.000000	15.000000	15.000000	0.000000	0.000000	0	0	0
170	2	1	1	0.000000	1.000000	1.000000	0.000000	0.000000	0	0	0
171	1	1	2	0.000000	2.000000	2.000000	0.000000	0.000000	0	0	0
172	1	2	2	0.000000	12.000000	12.000000	0.000000	0.000000	0	0	0
173	59	1	2	0.000000	18.864407	18.288136	0.000000	0.000000	0	0	0
174	297	2	2	0.000000	14.902357	14.276094	0.000000	0.000000	0	0	0
175	10	1	1	0.000000	15.500000	15.500000	0.000000	0.000000	0	0	0
176	1	1	2	0.000000	70.000000	35.000000	0.000000	0.000000	0	0	0
177	1	2	1	0.000000	76.000000	38.000000	0.000000	0.000000	0	0	0
178	3	3	1	0.000000	66.666667	18.000000	0.000000	0.000000	0	0	0
179	72	1	1	0.000000	11.041667	10.416667	0.000000	0.000000	0	0	0
180	7	1	1	0.000000	11.428571	11.428571	0.000000	0.000000	0	0	0
181	19	1	2	0.000000	14.000000	14.000000	0.000000	0.000000	0	0	0
182	1	3	2	0.000000	53.000000	51.000000	0.000000	0.000000	0	0	0
183	4	2	1	0.000000	27.000000	26.500000	0.000000	0.000000	0	0	0
184	4	1	1	0.000000	16.000000	16.000000	0.000000	0.000000	0	0	0
185	1	3	6	0.000000	118.000000	27.000000	0.000000	0.000000	0	0	0
186	1	1	1	0.000000	90.000000	19.000000	0.000000	0.000000	0	0	0
187	4	2	1	0.000000	50.750000	31.500000	0.000000	0.000000	0	0	0
188	3	1	1	0.000000	19.000000	19.000000	0.000000	0.000000	0	0	0
189	13	1	2	0.000000	19.769231	19.307692	0.000000	0.000000	0	0	0
190	1	2	2	0.000000	21.000000	20.000000	0.000000	0.000000	0	0	0
191	140	1	1	0.000000	16.128571	15.592857	0.000000	0.000000	0	0	0
192	1	1	1	0.000000	7.000000	7.000000	0.000000	0.000000	0	0	0
193	2	1	3	0.000000	10.000000	10.000000	0.000000	0.000000	0	0	0
194	4	2	3	0.000000	11.500000	10.500000	0.000000	0.000000	0	0	0
195	5	2	1	0.000000	12.000000	11.200000	0.000000	0.000000	0	0	0
196	6	2	1	0.000000	11.000000	11.000000	0.000000	0.000000	0	0	0
197	15	1	1	0.000000	3.400000	3.400000	0.000000	0.000000	0	0	0
198	1	2	1	0.000000	29.000000	19.000000	0.000000	0.000000	0	0	0
199	3	2	1	0.000000	17.000000	17.000000	0.000000	0.000000	0	0	0
200	1	1	1	0.000000	16.000000	16.000000	0.000000	0.000000	0	0	0
201	1	1	2	0.000000	122.000000	40.000000	0.000000	0.000000	0	0	0
202	2	1	2	0.000000	127.000000	31.000000	0.000000	0.000000	0	0	0
203	1	1	3	0.000000	149.000000	43.000000	0.000000	0.000000	0	0	0
204	14	1	1	0.000000	13.714286	13.142857	0.000000	0.000000	0	0	0
205	17	1	2	0.000000	10.764706	10.352941	0.000000	0.000000	0	0	0
206	152	1	2	0.000000	21.592105	19.322368	0.000000	0.000000	0	0	0
207	15	1	1	0.000000	1.000000	1.000000	0.000000	0.000000	0	0	0
208	1	1	2	0.000000	11.000000	11.000000	0.000000	0.000000	0	0	0
209	6	2	2	0.000000	14.500000	14.500000	0.000000	0.000000	0	0	0
210	12	1	1	0.000000	16.416667	16.416667	0.000000	0.000000	0	0	0
211	1	3	2	0.000000	90.000000	22.000000	0.000000	0.000000	0	0	0
212	2	1	1	0.000000	16.500000	16.000000	0.000000	0.000000	0	0	0
213	145	2	1	0.000000	20.393103	19.448276	0.000000	0.000000	0	0	0
214	9	2	1	0.000000	23.666667	23.666667	0.000000	0.000000	0	0	0
215	6	1	1	0.000000	22.000000	22.000000	0.000000	0.000000	0	0	0
216	6	1	2	0.000000	22.000000	22.000000	0.000000	0.000000	0	0	0
217	2	2	2	0.000000	34.000000	34.000000	0.000000	0.000000	0	0	0
218	1	1	1	0.000000	20.000000	20.000000	0.000000	0.000000	0	0	0
219	334	1	2	0.000000	21.350299	20.658683	0.000000	0.000000	0	0	0
220	66	2	2	0.000000	23.469697	18.939394	0.000000	0.000000	0	0	0
221	6	1	1	0.000000	2.500000	2.500000	0.000000	0.000000	0	0	0
222	2	1	2	0.000000	5.000000	5.000000	0.000000	0.000000	0	0	0
223	1	2	2	0.000000	11.000000	11.000000	0.000000	0.000000	0	0	0
224	6	1	3	0.000000	19.500000	14.333333	0.000000	0.000000	0	0	0
225	15	1	2	0.000000	22.133333	21.600000	0.000000	0.000000	0	0	0
226	148	1	2	0.000000	19.932432	18.824324	0.000000	0.000000	0	0	0
227	2	1	1	0.000000	17.500000	17.000000	0.000000	0.000000	0	0	0
228	21	1	2	0.000000	15.952381	15.190476	0.000000	0.000000	0	0	0
229	20	1	2	0.000000	18.600000	17.450000	0.000000	0.000000	0	0	0
230	181	1	2	0.000000	18.834254	17.784530	0.000000	0.000000	0	0	0
231	1	2	2	0.000000	120.000000	102.000000	0.000000	0.000000	0	0	0
232	3	2	2	0.000000	128.000000	56.666667	0.000000	0.000000	0	0	0
233	4	2	2	0.000000	31.500000	31.500000	0.000000	0.000000	0	0	0
234	2	2	2	0.000000	31.000000	31.000000	0.000000	0.000000	0	0	0
235	2	1	1	0.000000	21.000000	21.000000	0.000000	0.000000	0	0	0
236	11	1	2	0.000000	20.545455	20.545455	0.000000	0.000000	0	0	0
237	25	1	2	0.000000	15.560000	15.560000	0.000000	0.000000	0	0	0
238	1	2	2	0.000000	32.000000	32.000000	0.000000	0.000000	0	0	0
239	121	2	1	0.000000	10.438017	10.314050	0.000000	0.000000	0	0	0
240	17	1	1	0.000000	12.647059	12.411765	0.000000	0.000000	0	0	0
241	1	2	2	0.000000	34.000000	34.000000	0.000000	0.000000	0	0	0
242	1	1	1	0.000000	33.000000	33.000000	0.000000	0.000000	0	0	0
243	1	1	2	0.000000	123.000000	42.000000	0.000000	0.000000	0	0	0
244	2	2	2	0.000000	131.500000	54.000000	0.000000	0.000000	0	0	0
245	2	2	1	0.000000	122.500000	41.500000	0.000000	0.000000	0	0	0
246	1	3	2	0.000000	122.000000	33.000000	0.000000	0.000000	0	0	0
247	1	1	1	0.000000	117.000000	33.000000	0.000000	0.000000	0	0	0
248	2	3	2	0.000000	129.000000	33.000000	0.000000	0.000000	0	0	0
249	6	1	1	0.000000	13.666667	10.000000	0.000000	0.000000	0	0	0
250	40	3	2	0.000000	20.025000	18.900000	0.000000	0.000000	0	0	0
251	15	1	1	0.000000	18.733333	18.533333	0.000000	0.000000	0	0	0
252	157	1	2	0.000000	17.343949	16.987261	0.000000	0.000000	0	0	0
253	5	3	2	0.000000	109.800000	25.600000	0.000000	0.000000	0	0	0
254	2	1	3	0.000000	36.000000	34.000000	0.000000	0.000000	0	0	0
255	4	1	2	0.000000	38.250000	36.250000	0.000000	0.000000	0	0	0
256	1	2	1	0.000000	25.000000	25.000000	0.000000	0.000000	0	0	0
257	7	1	1	0.000000	1.000000	1.000000	0.000000	0.000000	0	0	0
258	7	1	1	0.000000	1.000000	1.000000	0.000000	0.000000	0	0	0
259	3	2	6	0.000000	156.000000	16.000000	0.000000	0.000000	0	0	0
260	64	1	1	0.000000	17.171875	14.140625	0.000000	0.000000	0	0	0
261	1	2	1	0.000000	3.000000	3.000000	0.000000	0.000000	0	0	0
262	15	1	1	0.000000	1.066667	1.066667	0.000000	0.000000	0	0	0
263	45	1	2	0.000000	1.066667	1.066667	0.000000	0.000000	0	0	0
264	1	2	2	0.000000	2.000000	2.000000	0.000000	0.000000	0	0	0
265	2	1	3	0.000000	28.500000	28.500000	0.000000	0.000000	0	0	0
266	1	2	2	0.000000	52.000000	52.000000	0.000000	0.000000	0	0	0
267	2	2	1	0.000000	36.500000	21.000000	0.000000	0.000000	0	0	0
268	1	1	2	0.000000	48.000000	21.000000	0.000000	0.000000	0	0	0
269	1	2	2	0.000000	21.000000	20.000000	0.000000	0.000000	0	0	0
270	8	1	1	0.000000	21.375000	20.375000	0.000000	0.000000	0	0	0
271	4	1	2	0.000000	22.500000	20.750000	0.000000	0.000000	0	0	0
272	13	2	2	0.000000	23.769231	22.692308	0.000000	0.000000	0	0	0
273	162	1	1	0.000000	13.320988	12.734568	0.000000	0.000000	0	0	0
274	16	1	1	0.000000	6.875000	2.500000	0.000000	0.000000	0	0	0
275	1	2	2	0.000000	9.000000	4.000000	0.000000	0.000000	0	0	0
276	192	1	1	0.000000	4.630208	4.317708	0.000000	0.000000	0	0	0
277	60	1	2	0.000000	32.416667	30.016667	0.000000	0.000000	0	0	0
278	376	2	2	0.000000	12.031915	11.571809	0.000000	0.000000	0	0	0
279	15	1	1	0.000000	1.000000	1.000000	0.000000	0.000000	0	0	0
280	332	1	1	0.000000	20.295181	19.397590	0.000000	0.000000	0	0	0
281	2	1	1	0.000000	12.500000	12.500000	0.000000	0.000000	0	0	0
282	6	1	1	0.000000	13.833333	11.000000	0.000000	0.000000	0	0	0
283	3	2	2	0.000000	15.000000	11.666667	0.000000	0.000000	0	0	0
284	1	1	1	0.000000	14.000000	11.000000	0.000000	0.000000	0	0	0
285	15	1	1	0.000000	12.266667	12.266667	0.000000	0.000000	0	0	0
286	25	1	2	0.000000	11.400000	10.800000	0.000000	0.000000	0	0	0
287	21	1	2	0.000000	11.047619	10.285714	0.000000	0.000000	0	0	0
288	1	1	1	0.000000	8.000000	8.000000	0.000000	0.000000	0	0	0
289	2	1	1	0.000000	94.500000	12.500000	0.000000	0.000000	0	0	0
290	1	1	3	0.000000	120.000000	10.000000	0.000000	0.000000	0	0	0
291	89	2	2	0.000000	12.674157	12.303371	0.000000	0.000000	0	0	0
292	12	1	1	0.000000	1.000000	1.000000	0.000000	0.000000	0	0	0
293	10	1	2	0.000000	5.200000	4.300000	0.000000	0.000000	0	0	0
294	2	1	1	0.000000	4.000000	4.000000	0.000000	0.000000	0	0	0
295	6	1	2	0.000000	3.000000	2.000000	0.000000	0.000000	0	0	0
296	19	2	2	0.000000	18.210526	7.684211	0.000000	0.000000	0	0	0
297	25	1	2	0.000000	17.280000	15.480000	0.000000	0.000000	0	0	0
298	29	1	2	0.000000	17.000000	17.000000	0.000000	0.000000	0	0	0
299	7	1	2	0.000000	21.285714	19.285714	0.000000	0.000000	0	0	0
300	49	2	2	0.000000	23.836735	23.265306	0.000000	0.000000	0	0	0
301	15	1	1	0.000000	27.066667	26.466667	0.000000	0.000000	0	0	0
302	12	2	2	0.000000	31.416667	30.083333	0.000000	0.000000	0	0	0
303	61	1	2	0.000000	17.245902	14.803279	0.000000	0.000000	0	0	0
304	41	1	1	0.000000	31.707317	31.121951	0.000000	0.000000	0	0	0
305	1	1	2	0.000000	24.000000	24.000000	0.000000	0.000000	0	0	0
306	1	1	2	0.000000	26.000000	26.000000	0.000000	0.000000	0	0	0
307	4	1	2	0.000000	26.750000	26.750000	0.000000	0.000000	0	0	0
308	3	1	2	0.000000	30.000000	30.000000	0.000000	0.000000	0	0	0
309	1	1	2	0.000000	32.000000	32.000000	0.000000	0.000000	0	0	0
310	1	1	2	0.000000	205.000000	140.000000	0.000000	0.000000	0	0	0
311	1	2	1	0.000000	188.000000	138.000000	0.000000	0.000000	0	0	0
312	2	2	1	0.000000	186.000000	136.500000	0.000000	0.000000	0	0	0
313	1	1	1	0.000000	159.000000	144.000000	0.000000	0.000000	0	0	0
314	1	1	1	0.000000	119.000000	119.000000	0.000000	0.000000	0	0	0
315	3	2	4	0.000000	139.333333	133.333333	0.000000	0.000000	0	0	0
316	1	3	3	0.000000	141.000000	135.000000	0.000000	0.000000	0	0	0
317	2	1	2	0.000000	168.500000	6.000000	0.000000	0.000000	0	0	0
318	2	2	1	0.000000	163.500000	92.000000	0.000000	0.000000	0	0	0
319	1	1	1	0.000000	148.000000	95.000000	0.000000	0.000000	0	0	0
320	1	2	4	0.000000	156.000000	100.000000	0.000000	0.000000	0	0	0
321	1	2	2	0.000000	186.000000	99.000000	0.000000	0.000000	0	0	0
322	1	4	2	0.000000	192.000000	103.000000	0.000000	0.000000	0	0	0
323	3	2	3	0.000000	157.666667	128.333333	0.000000	0.000000	0	0	0
324	3	1	1	0.000000	25.000000	25.000000	0.000000	0.000000	0	0	0
325	103	1	1	0.000000	11.941748	11.252427	0.000000	0.000000	0	0	0
326	1	2	2	0.000000	165.000000	29.000000	0.000000	0.000000	0	0	0
327	1	1	1	0.000000	27.000000	27.000000	0.000000	0.000000	0	0	0
328	1	2	2	0.000000	28.000000	28.000000	0.000000	0.000000	0	0	0
329	3	1	1	0.000000	23.000000	23.000000	0.000000	0.000000	0	0	0
330	3	3	2	0.000000	24.000000	24.000000	0.000000	0.000000	0	0	0
331	15	1	1	0.000000	21.066667	21.066667	0.000000	0.000000	0	0	0
332	338	1	2	0.000000	7.618343	7.428994	0.000000	0.000000	0	0	0
333	15	1	1	0.000000	24.466667	22.266667	0.000000	0.000000	0	0	0
334	237	1	2	0.000000	18.679325	17.451477	0.000000	0.000000	0	0	0
335	157	1	2	0.000000	13.445860	13.101911	0.000000	0.000000	0	0	0
336	35	2	2	0.000000	25.285714	24.542857	0.000000	0.000000	0	0	0
337	13	1	1	0.000000	21.538462	21.538462	0.000000	0.000000	0	0	0
338	1	2	2	0.000000	42.000000	24.000000	0.000000	0.000000	0	0	0
339	1	1	1	0.000000	23.000000	23.000000	0.000000	0.000000	0	0	0
340	202	2	2	0.000000	19.168317	18.391089	0.000000	0.000000	0	0	0
341	10	1	1	0.000000	1.000000	1.000000	0.000000	0.000000	0	0	0
342	145	1	1	0.000000	17.544828	16.206897	0.000000	0.000000	0	0	0
343	42	1	2	0.000000	17.928571	16.785714	0.000000	0.000000	0	0	0
344	161	1	2	0.000000	22.099379	21.223602	0.000000	0.000000	0	0	0
345	104	1	2	0.000000	24.855769	23.980769	0.000000	0.000000	0	0	0
346	2	2	2	0.000000	26.000000	24.000000	0.000000	0.000000	0	0	0
347	7	1	1	0.000000	26.000000	23.285714	0.000000	0.000000	0	0	0
348	2	2	3	0.000000	166.000000	55.000000	0.000000	0.000000	0	0	0
349	9	1	1	0.000000	23.555556	22.666667	0.000000	0.000000	0	0	0
350	9	2	2	0.000000	23.111111	23.111111	0.000000	0.000000	0	0	0
351	11	1	1	0.000000	22.545455	22.545455	0.000000	0.000000	0	0	0
352	2	1	2	0.000000	35.000000	22.000000	0.000000	0.000000	0	0	0
353	4	2	2	0.000000	40.000000	36.750000	0.000000	0.000000	0	0	0
354	2	2	1	0.000000	36.000000	36.000000	0.000000	0.000000	0	0	0
355	2	2	1	0.000000	36.500000	36.500000	0.000000	0.000000	0	0	0
356	1	2	1	0.000000	21.000000	21.000000	0.000000	0.000000	0	0	0
357	5	1	1	0.000000	21.000000	21.000000	0.000000	0.000000	0	0	0
358	1	3	2	0.000000	36.000000	35.000000	0.000000	0.000000	0	0	0
359	5	1	1	0.000000	19.800000	19.800000	0.000000	0.000000	0	0	0
360	1	1	2	0.000000	20.000000	20.000000	0.000000	0.000000	0	0	0
361	3	1	2	0.000000	21.000000	21.000000	0.000000	0.000000	0	0	0
362	35	1	2	0.000000	25.314286	22.885714	0.000000	0.000000	0	0	0
363	15	1	1	0.000000	1.000000	1.000000	0.000000	0.000000	0	0	0
364	145	1	1	0.000000	18.862069	18.537931	0.000000	0.000000	0	0	0
365	50	1	2	0.000000	14.860000	12.960000	0.000000	0.000000	0	0	0
366	97	2	2	0.000000	24.608247	23.051546	0.000000	0.000000	0	0	0
367	9	1	1	0.000000	30.111111	18.555556	0.000000	0.000000	0	0	0
368	6	1	1	0.000000	12.166667	9.500000	0.000000	0.000000	0	0	0
369	11	2	2	0.000000	13.090909	3.545455	0.000000	0.000000	0	0	0
370	15	1	1	0.000000	2.000000	2.000000	0.000000	0.000000	0	0	0
371	3	2	2	0.000000	13.333333	13.333333	0.000000	0.000000	0	0	0
372	6	1	1	0.000000	9.333333	9.333333	0.000000	0.000000	0	0	0
373	3	1	2	0.000000	11.000000	8.000000	0.000000	0.000000	0	0	0
374	1	2	1	0.000000	171.000000	19.000000	0.000000	0.000000	0	0	0
375	2	3	1	0.000000	140.500000	85.000000	0.000000	0.000000	0	0	0
376	7	1	1	0.000000	1.428571	1.428571	0.000000	0.000000	0	0	0
377	234	1	2	0.000000	14.123932	13.457265	0.000000	0.000000	0	0	0
378	547	1	2	0.000000	19.327239	18.758684	0.000000	0.000000	0	0	0
379	54	1	1	0.000000	2.111111	2.111111	0.000000	0.000000	0	0	0
380	6	2	2	0.000000	5.666667	4.833333	0.000000	0.000000	0	0	0
381	11	1	1	0.000000	3.000000	3.000000	0.000000	0.000000	0	0	0
382	14	1	1	0.000000	3.428571	2.714286	0.000000	0.000000	0	0	0
383	48	1	1	0.000000	9.479167	9.166667	0.000000	0.000000	0	0	0
384	186	1	2	0.000000	16.682796	16.155914	0.000000	0.000000	0	0	0
385	8	1	2	0.000000	16.875000	16.625000	0.000000	0.000000	0	0	0
386	46	1	0	0.000000	1.000000	1.000000	0.000000	0.000000	0	0	0
387	3	2	2	0.000000	3.000000	2.000000	0.000000	0.000000	0	0	0
388	2	1	1	0.000000	2.000000	1.000000	0.000000	0.000000	0	0	0
389	5	1	2	0.000000	5.600000	4.400000	0.000000	0.000000	0	0	0
390	3	1	1	0.000000	22.333333	18.666667	0.000000	0.000000	0	0	0
391	16	2	2	0.000000	21.687500	9.500000	0.000000	0.000000	0	0	0
392	2	1	1	0.000000	119.500000	71.500000	0.000000	0.000000	0	0	0
393	1	2	3	0.000000	123.000000	78.000000	0.000000	0.000000	0	0	0
394	1	2	1	0.000000	124.000000	77.000000	0.000000	0.000000	0	0	0
395	5	2	1	0.000000	27.200000	24.400000	0.000000	0.000000	0	0	0
396	11	1	1	0.000000	18.909091	18.909091	0.000000	0.000000	0	0	0
397	34	1	2	0.000000	18.088235	16.000000	0.000000	0.000000	0	0	0
398	54	1	1	0.000000	17.592593	17.592593	0.000000	0.000000	0	0	0
399	2	1	2	0.000000	103.500000	20.000000	0.000000	0.000000	0	0	0
400	1	2	3	0.000000	135.000000	35.000000	0.000000	0.000000	0	0	0
401	1	2	1	0.000000	67.000000	26.000000	0.000000	0.000000	0	0	0
402	1	2	3	0.000000	74.000000	29.000000	0.000000	0.000000	0	0	0
403	1	1	2	0.000000	94.000000	26.000000	0.000000	0.000000	0	0	0
404	1	2	1	0.000000	29.000000	27.000000	0.000000	0.000000	0	0	0
405	1	2	2	0.000000	45.000000	43.000000	0.000000	0.000000	0	0	0
406	18	1	1	0.000000	25.222222	25.111111	0.000000	0.000000	0	0	0
407	7	1	2	0.000000	40.000000	40.000000	0.000000	0.000000	0	0	0
408	33	1	1	0.000000	12.939394	12.939394	0.000000	0.000000	0	0	0
409	149	1	2	0.000000	10.335570	9.825503	0.000000	0.000000	0	0	0
410	2	2	2	0.000000	21.000000	21.000000	0.000000	0.000000	0	0	0
411	12	2	1	0.000000	17.833333	17.833333	0.000000	0.000000	0	0	0
412	3	1	1	0.000000	14.000000	14.000000	0.000000	0.000000	0	0	0
413	9	2	2	0.000000	14.222222	14.222222	0.000000	0.000000	0	0	0
414	3	1	1	0.000000	13.000000	13.000000	0.000000	0.000000	0	0	0
415	8	1	2	0.000000	14.375000	14.375000	0.000000	0.000000	0	0	0
416	3	2	2	0.000000	15.000000	15.000000	0.000000	0.000000	0	0	0
417	1	1	1	0.000000	14.000000	14.000000	0.000000	0.000000	0	0	0
418	5	2	2	0.000000	13.600000	13.600000	0.000000	0.000000	0	0	0
419	10	2	1	0.000000	3.400000	3.400000	0.000000	0.000000	0	0	0
420	5	1	2	0.000000	4.000000	4.000000	0.000000	0.000000	0	0	0
421	1	1	2	0.000000	9.000000	9.000000	0.000000	0.000000	0	0	0
422	5	1	2	0.000000	10.800000	10.800000	0.000000	0.000000	0	0	0
423	5	2	2	0.000000	13.800000	12.800000	0.000000	0.000000	0	0	0
424	1	2	2	0.000000	12.000000	10.000000	0.000000	0.000000	0	0	0
425	41	2	1	0.000000	20.268293	20.268293	0.000000	0.000000	0	0	0
426	15	1	1	0.000000	17.133333	14.466667	0.000000	0.000000	0	0	0
427	2	2	3	0.000000	85.000000	24.000000	0.000000	0.000000	0	0	0
428	2	2	1	0.000000	58.500000	11.000000	0.000000	0.000000	0	0	0
429	2	1	2	0.000000	4.000000	3.000000	0.000000	0.000000	0	0	0
430	36	1	1	0.000000	1.000000	1.000000	0.000000	0.000000	0	0	0
431	248	1	1	0.000000	18.943548	15.991935	0.000000	0.000000	0	0	0
432	191	1	2	0.000000	20.774869	19.099476	0.000000	0.000000	0	0	0
433	34	1	1	0.000000	28.323529	28.323529	0.000000	0.000000	0	0	0
434	5	2	1	0.000000	21.600000	21.600000	0.000000	0.000000	0	0	0
435	10	1	1	0.000000	22.900000	20.300000	0.000000	0.000000	0	0	0
436	7	1	1	0.000000	23.571429	19.714286	0.000000	0.000000	0	0	0
437	1	1	2	0.000000	24.000000	21.000000	0.000000	0.000000	0	0	0
438	15	1	2	0.000000	22.200000	20.133333	0.000000	0.000000	0	0	0
439	227	2	2	0.000000	16.409692	15.731278	0.000000	0.000000	0	0	0
440	2	1	1	0.000000	102.500000	33.000000	0.000000	0.000000	0	0	0
441	6	2	1	0.000000	20.000000	18.166667	0.000000	0.000000	0	0	0
442	45	1	1	0.000000	17.511111	16.244444	0.000000	0.000000	0	0	0
443	174	1	2	0.000000	15.758621	15.327586	0.000000	0.000000	0	0	0
444	3	3	2	0.000000	53.666667	27.666667	0.000000	0.000000	0	0	0
445	3	1	1	0.000000	30.000000	3.000000	0.000000	0.000000	0	0	0
446	4	1	3	0.000000	29.000000	4.000000	0.000000	0.000000	0	0	0
447	1	2	1	0.000000	3.000000	3.000000	0.000000	0.000000	0	0	0
448	5	1	1	0.000000	2.000000	2.000000	0.000000	0.000000	0	0	0
449	1	1	1	0.000000	122.000000	89.000000	0.000000	0.000000	0	0	0
450	2	2	2	0.000000	123.500000	99.500000	0.000000	0.000000	0	0	0
451	1	1	1	0.000000	115.000000	81.000000	0.000000	0.000000	0	0	0
452	8	2	1	0.000000	28.875000	8.500000	0.000000	0.000000	0	0	0
453	3	1	2	0.000000	22.666667	20.666667	0.000000	0.000000	0	0	0
454	39	1	0	0.000000	1.000000	1.000000	0.000000	0.000000	0	0	0
455	3	1	2	0.000000	2.000000	2.000000	0.000000	0.000000	0	0	0
456	2	1	1	0.000000	1.000000	1.000000	0.000000	0.000000	0	0	0
457	2	1	2	0.000000	3.000000	3.000000	0.000000	0.000000	0	0	0
458	3	1	2	0.000000	4.000000	4.000000	0.000000	0.000000	0	0	0
459	1	2	2	0.000000	6.000000	6.000000	0.000000	0.000000	0	0	0
460	1	1	1	0.000000	3.000000	3.000000	0.000000	0.000000	0	0	0
461	1	1	3	0.000000	23.000000	22.000000	0.000000	0.000000	0	0	0
462	15	1	1	0.000000	9.800000	9.800000	0.000000	0.000000	0	0	0
463	3	1	1	0.000000	1.000000	1.000000	0.000000	0.000000	0	0	0
464	732	2	2	0.000000	18.740437	17.636612	0.000000	0.000000	0	0	0
465	10	2	1	0.000000	10.600000	5.600000	0.000000	0.000000	0	0	0
466	4	1	2	0.000000	19.500000	19.000000	0.000000	0.000000	0	0	0
467	74	1	1	0.000000	12.067568	12.067568	0.000000	0.000000	0	0	0
468	42	1	0	0.000000	1.000000	1.000000	0.000000	0.000000	0	0	0
469	5	1	2	0.000000	4.000000	2.200000	0.000000	0.000000	0	0	0
470	35	1	2	0.000000	11.342857	9.428571	0.000000	0.000000	0	0	0
471	21	1	2	0.000000	19.523810	13.333333	0.000000	0.000000	0	0	0
472	6	2	1	0.000000	7.833333	7.833333	0.000000	0.000000	0	0	0
473	3	1	1	0.000000	6.000000	6.000000	0.000000	0.000000	0	0	0
474	2	1	2	0.000000	9.000000	9.000000	0.000000	0.000000	0	0	0
475	1	2	2	0.000000	15.000000	15.000000	0.000000	0.000000	0	0	0
476	1	2	1	0.000000	12.000000	12.000000	0.000000	0.000000	0	0	0
477	1	2	2	0.000000	14.000000	14.000000	0.000000	0.000000	0	0	0
478	1	1	1	0.000000	7.000000	7.000000	0.000000	0.000000	0	0	0
479	0	2	2	Inf	Inf	Inf	Inf	Inf	0	0	0
480	0	2	2	Inf	Inf	Inf	Inf	Inf	0	0	0
481	14	1	1	0.000000	14.785714	14.285714	0.000000	0.000000	0	0	0
482	1	2	2	0.000000	26.000000	25.000000	0.000000	0.000000	0	0	0
483	96	2	1	0.000000	17.687500	16.864583	0.000000	0.000000	0	0	0
484	62	1	1	0.000000	15.161290	15.161290	0.000000	0.000000	0	0	0
485	24	2	2	0.000000	22.583333	22.583333	0.000000	0.000000	0	0	0
486	3	1	1	0.000000	22.000000	22.000000	0.000000	0.000000	0	0	0
487	15	1	1	0.000000	20.000000	19.733333	0.000000	0.000000	0	0	0
488	222	2	1	0.000000	7.409910	7.004505	0.000000	0.000000	0	0	0
489	1	1	1	0.000000	6.000000	6.000000	0.000000	0.000000	0	0	0
490	1	1	2	0.000000	8.000000	8.000000	0.000000	0.000000	0	0	0
491	1	2	2	0.000000	9.000000	9.000000	0.000000	0.000000	0	0	0
492	1	1	2	0.000000	10.000000	10.000000	0.000000	0.000000	0	0	0
493	1	2	2	0.000000	11.000000	11.000000	0.000000	0.000000	0	0	0
494	1	3	1	0.000000	10.000000	10.000000	0.000000	0.000000	0	0	0
495	29	1	1	0.000000	1.000000	1.000000	0.000000	0.000000	0	0	0
496	1	1	2	0.000000	2.000000	2.000000	0.000000	0.000000	0	0	0
497	1	2	2	0.000000	4.000000	4.000000	0.000000	0.000000	0	0	0
498	1	1	1	0.000000	2.000000	2.000000	0.000000	0.000000	0	0	0
499	1	2	2	0.000000	3.000000	3.000000	0.000000	0.000000	0	0	0
500	1	1	1	0.000000	1.000000	1.000000	0.000000	0.000000	0	0	0
501	5	2	2	0.000000	2.000000	2.000000	0.000000	0.000000	0	0	0
502	21	1	1	0.000000	1.000000	1.000000	0.000000	0.000000	0	0	0
503	4	1	2	0.000000	2.000000	2.000000	0.000000	0.000000	0	0	0
504	1	1	2	0.000000	3.000000	3.000000	0.000000	0.000000	0	0	0
505	1	1	3	0.000000	18.000000	17.000000	0.000000	0.000000	0	0	0
506	34	1	1	0.000000	1.000000	1.000000	0.000000	0.000000	0	0	0
507	299	1	2	0.000000	9.561873	9.163880	0.000000	0.000000	0	0	0
508	15	1	1	0.000000	1.000000	1.000000	0.000000	0.000000	0	0	0
509	14	2	2	0.000000	19.642857	18.928571	0.000000	0.000000	0	0	0
510	5	1	1	0.000000	16.600000	15.600000	0.000000	0.000000	0	0	0
511	11	1	2	0.000000	15.545455	14.727273	0.000000	0.000000	0	0	0
512	2	2	2	0.000000	14.500000	11.500000	0.000000	0.000000	0	0	0
513	1	2	1	0.000000	24.000000	24.000000	0.000000	0.000000	0	0	0
514	1	3	1	0.000000	21.000000	21.000000	0.000000	0.000000	0	0	0
515	14	2	1	0.000000	14.642857	13.857143	0.000000	0.000000	0	0	0
516	9	1	1	0.000000	1.000000	1.000000	0.000000	0.000000	0	0	0
517	1	1	1	0.000000	16.000000	16.000000	0.000000	0.000000	0	0	0
518	45	1	2	0.000000	16.044444	16.044444	0.000000	0.000000	0	0	0
519	51	1	1	0.000000	14.431373	14.352941	0.000000	0.000000	0	0	0
520	58	2	2	0.000000	10.344828	9.948276	0.000000	0.000000	0	0	0
521	14	2	2	0.000000	6.357143	5.428571	0.000000	0.000000	0	0	0
522	30	1	1	0.000000	3.633333	3.633333	0.000000	0.000000	0	0	0
523	2	2	2	0.000000	4.000000	4.000000	0.000000	0.000000	0	0	0
524	11	1	1	0.000000	1.000000	1.000000	0.000000	0.000000	0	0	0
525	3	1	1	0.000000	1.000000	1.000000	0.000000	0.000000	0	0	0
526	23	1	1	0.000000	9.478261	8.826087	0.000000	0.000000	0	0	0
527	1	1	2	0.000000	22.000000	22.000000	0.000000	0.000000	0	0	0
528	1	2	2	0.000000	40.000000	25.000000	0.000000	0.000000	0	0	0
529	17	1	1	0.000000	9.823529	9.823529	0.000000	0.000000	0	0	0
530	2	1	1	0.000000	28.000000	9.000000	0.000000	0.000000	0	0	0
531	2	1	1	0.000000	36.500000	34.000000	0.000000	0.000000	0	0	0
532	15	2	2	0.000000	21.800000	20.666667	0.000000	0.000000	0	0	0
533	15	1	1	0.000000	14.133333	14.133333	0.000000	0.000000	0	0	0
534	11	2	2	0.000000	51.272727	28.636364	0.000000	0.000000	0	0	0
535	3	1	1	0.000000	40.333333	16.000000	0.000000	0.000000	0	0	0
536	45	1	2	0.000000	25.422222	24.400000	0.000000	0.000000	0	0	0
537	266	1	0	0.000000	13.274436	12.597744	0.000000	0.000000	0	0	0
538	23	1	1	0.000000	16.695652	16.565217	0.000000	0.000000	0	0	0
539	10	2	2	0.000000	20.000000	17.900000	0.000000	0.000000	0	0	0
540	25	1	1	0.000000	19.440000	18.600000	0.000000	0.000000	0	0	0
541	56	1	2	0.000000	18.589286	17.517857	0.000000	0.000000	0	0	0
542	70	2	2	0.000000	22.742857	22.314286	0.000000	0.000000	0	0	0
543	1	3	1	0.000000	116.000000	48.000000	0.000000	0.000000	0	0	0
544	1	1	1	0.000000	113.000000	12.000000	0.000000	0.000000	0	0	0
545	2	1	2	0.000000	113.500000	13.500000	0.000000	0.000000	0	0	0
546	1	2	4	0.000000	137.000000	29.000000	0.000000	0.000000	0	0	0
547	9	1	1	0.000000	13.000000	13.000000	0.000000	0.000000	0	0	0
548	4	2	2	0.000000	15.750000	15.750000	0.000000	0.000000	0	0	0
549	1	1	1	0.000000	15.000000	15.000000	0.000000	0.000000	0	0	0
550	2	2	1	0.000000	27.000000	26.000000	0.000000	0.000000	0	0	0
551	10	2	2	0.000000	27.700000	25.400000	0.000000	0.000000	0	0	0
552	9	1	1	0.000000	19.777778	17.666667	0.000000	0.000000	0	0	0
553	22	1	2	0.000000	22.772727	21.409091	0.000000	0.000000	0	0	0
554	9	1	2	0.000000	12.222222	9.888889	0.000000	0.000000	0	0	0
555	1	2	3	0.000000	60.000000	22.000000	0.000000	0.000000	0	0	0
556	3	2	1	0.000000	11.333333	11.333333	0.000000	0.000000	0	0	0
557	5	1	1	0.000000	8.600000	8.600000	0.000000	0.000000	0	0	0
558	40	1	0	0.000000	1.000000	1.000000	0.000000	0.000000	0	0	0
559	133	2	2	0.000000	23.375940	21.706767	0.000000	0.000000	0	0	0
560	137	1	2	0.000000	9.671533	9.131387	0.000000	0.000000	0	0	0
561	42	1	1	0.000000	1.047619	1.047619	0.000000	0.000000	0	0	0
562	51	2	2	0.000000	15.843137	12.549020	0.000000	0.000000	0	0	0
563	1	2	1	0.000000	41.000000	11.000000	0.000000	0.000000	0	0	0
564	10	1	1	0.000000	13.000000	13.000000	0.000000	0.000000	0	0	0
565	12	1	2	0.000000	16.000000	16.000000	0.000000	0.000000	0	0	0
566	1	1	1	0.000000	77.000000	36.000000	0.000000	0.000000	0	0	0
567	15	1	1	0.000000	17.000000	10.466667	0.000000	0.000000	0	0	0
568	1	2	2	0.000000	19.000000	17.000000	0.000000	0.000000	0	0	0
569	15	1	1	0.000000	1.000000	1.000000	0.000000	0.000000	0	0	0
570	36	1	0	0.000000	1.000000	1.000000	0.000000	0.000000	0	0	0
571	2	1	5	0.000000	16.000000	5.000000	0.000000	0.000000	0	0	0
572	20	1	1	0.000000	23.300000	8.500000	0.000000	0.000000	0	0	0
573	1	3	2	0.000000	25.000000	17.000000	0.000000	0.000000	0	0	0
574	8	2	1	0.000000	17.750000	16.625000	0.000000	0.000000	0	0	0
575	56	1	2	0.000000	22.392857	21.071429	0.000000	0.000000	0	0	0
576	82	1	1	0.000000	8.951220	8.768293	0.000000	0.000000	0	0	0
577	3	2	2	0.000000	4.000000	4.000000	0.000000	0.000000	0	0	0
578	2	2	1	0.000000	2.000000	2.000000	0.000000	0.000000	0	0	0
579	10	1	1	0.000000	2.400000	2.400000	0.000000	0.000000	0	0	0
580	14	1	2	0.000000	9.500000	9.500000	0.000000	0.000000	0	0	0
581	25	2	2	0.000000	32.200000	31.200000	0.000000	0.000000	0	0	0
582	15	1	1	0.000000	21.200000	20.533333	0.000000	0.000000	0	0	0
583	1	2	1	0.000000	61.000000	19.000000	0.000000	0.000000	0	0	0
584	49	2	0	0.000000	2.163265	2.163265	0.000000	0.000000	0	0	0
585	15	1	1	0.000000	5.000000	5.000000	0.000000	0.000000	0	0	0
586	60	0	2	0.000000	4.650000	4.400000	0.000000	0.000000	0	0	0
587	107	1	2	0.000000	20.738318	18.943925	0.000000	0.000000	0	0	0
588	57	2	2	0.000000	18.298246	17.280702	0.000000	0.000000	0	0	0
589	40	1	2	0.000000	1.050000	1.050000	0.000000	0.000000	0	0	0
590	2	1	2	0.000000	4.000000	4.000000	0.000000	0.000000	0	0	0
591	14	1	1	0.000000	1.000000	1.000000	0.000000	0.000000	0	0	0
592	1	4	5	0.000000	220.000000	214.000000	0.000000	0.000000	0	0	0
593	1	3	2	0.000000	5.000000	5.000000	0.000000	0.000000	0	0	0
594	1	2	2	0.000000	4.000000	4.000000	0.000000	0.000000	0	0	0
595	21	1	1	0.000000	1.095238	1.095238	0.000000	0.000000	0	0	0
596	123	1	2	0.000000	22.869919	21.829268	0.000000	0.000000	0	0	0
597	15	1	1	0.000000	1.000000	1.000000	0.000000	0.000000	0	0	0
598	5	1	2	0.000000	22.000000	11.400000	0.000000	0.000000	0	0	0
599	6	2	1	0.000000	17.666667	17.666667	0.000000	0.000000	0	0	0
600	3	1	1	0.000000	17.333333	17.333333	0.000000	0.000000	0	0	0
601	1	2	1	0.000000	14.000000	12.000000	0.000000	0.000000	0	0	0
602	90	2	1	0.000000	3.833333	3.833333	0.000000	0.000000	0	0	0
603	29	2	1	0.000000	15.379310	15.379310	0.000000	0.000000	0	0	0
604	6	1	1	0.000000	12.833333	12.833333	0.000000	0.000000	0	0	0
605	1	1	1	0.000000	81.000000	8.000000	0.000000	0.000000	0	0	0
606	35	1	1	0.000000	1.942857	1.942857	0.000000	0.000000	0	0	0
607	1	2	2	0.000000	10.000000	5.000000	0.000000	0.000000	0	0	0
608	4	1	1	0.000000	1.000000	1.000000	0.000000	0.000000	0	0	0
609	3	2	3	0.000000	5.000000	3.000000	0.000000	0.000000	0	0	0
610	44	2	4	0.000000	21.681818	13.204545	0.000000	0.000000	0	0	0
611	2	2	1	0.000000	1.500000	1.500000	0.000000	0.000000	0	0	0
612	1	1	1	0.000000	1.000000	1.000000	0.000000	0.000000	0	0	0
613	2	1	2	0.000000	2.000000	2.000000	0.000000	0.000000	0	0	0
614	1	2	2	0.000000	3.000000	3.000000	0.000000	0.000000	0	0	0
615	1	3	3	0.000000	11.000000	6.000000	0.000000	0.000000	0	0	0
616	1	2	1	0.000000	16.000000	16.000000	0.000000	0.000000	0	0	0
617	1	2	3	0.000000	9.000000	8.000000	0.000000	0.000000	0	0	0
618	1	2	1	0.000000	5.000000	4.000000	0.000000	0.000000	0	0	0
619	1	1	1	0.000000	3.000000	3.000000	0.000000	0.000000	0	0	0
620	2	1	1	0.000000	11.000000	1.000000	0.000000	0.000000	0	0	0
621	3	2	1	0.000000	12.000000	2.000000	0.000000	0.000000	0	0	0
622	14	1	1	0.000000	25.428571	24.857143	0.000000	0.000000	0	0	0
623	1	1	2	0.000000	24.000000	24.000000	0.000000	0.000000	0	0	0
624	80	2	2	0.000000	22.900000	20.737500	0.000000	0.000000	0	0	0
625	39	1	0	0.000000	1.000000	1.000000	0.000000	0.000000	0	0	0
626	125	1	2	0.000000	18.368000	18.072000	0.000000	0.000000	0	0	0
627	27	1	2	0.000000	15.888889	11.962963	0.000000	0.000000	0	0	0
628	32	1	0	0.000000	1.000000	1.000000	0.000000	0.000000	0	0	0
629	49	1	0	0.000000	1.000000	1.000000	0.000000	0.000000	0	0	0
630	29	1	2	0.000000	15.034483	14.551724	0.000000	0.000000	0	0	0
631	1	1	1	0.000000	24.000000	23.000000	0.000000	0.000000	0	0	0
632	3	1	3	0.000000	27.666667	25.666667	0.000000	0.000000	0	0	0
633	3	1	2	0.000000	29.000000	27.000000	0.000000	0.000000	0	0	0
634	66	1	2	0.000000	6.893939	6.439394	0.000000	0.000000	0	0	0
635	1	2	2	0.000000	7.000000	7.000000	0.000000	0.000000	0	0	0
636	24	2	1	0.000000	6.500000	5.250000	0.000000	0.000000	0	0	0
637	39	2	1	0.000000	7.820513	7.564103	0.000000	0.000000	0	0	0
638	44	1	1	0.000000	11.863636	11.863636	0.000000	0.000000	0	0	0
639	15	1	1	0.000000	16.933333	16.933333	0.000000	0.000000	0	0	0
640	5	1	1	0.000000	1.000000	1.000000	0.000000	0.000000	0	0	0
641	149	1	2	0.000000	17.691275	15.516779	0.000000	0.000000	0	0	0
642	7	2	1	0.000000	11.714286	11.714286	0.000000	0.000000	0	0	0
643	1	1	2	0.000000	34.000000	34.000000	0.000000	0.000000	0	0	0
644	1	1	2	0.000000	35.000000	35.000000	0.000000	0.000000	0	0	0
645	1	2	3	0.000000	38.000000	38.000000	0.000000	0.000000	0	0	0
646	1	1	1	0.000000	16.000000	16.000000	0.000000	0.000000	0	0	0
647	32	1	1	0.000000	12.656250	12.187500	0.000000	0.000000	0	0	0
648	66	1	0	0.000000	1.000000	1.000000	0.000000	0.000000	0	0	0
649	1	1	2	0.000000	8.000000	8.000000	0.000000	0.000000	0	0	0
650	1	2	1	0.000000	33.000000	33.000000	0.000000	0.000000	0	0	0
651	2	2	1	0.000000	22.500000	13.500000	0.000000	0.000000	0	0	0
652	57	2	1	0.000000	13.807018	12.017544	0.000000	0.000000	0	0	0
653	7	1	2	0.000000	24.714286	23.857143	0.000000	0.000000	0	0	0
654	20	1	1	0.000000	12.000000	11.450000	0.000000	0.000000	0	0	0
655	4	2	2	0.000000	21.250000	20.250000	0.000000	0.000000	0	0	0
656	20	1	1	0.000000	6.350000	5.900000	0.000000	0.000000	0	0	0
657	4	2	1	0.000000	1.250000	1.250000	0.000000	0.000000	0	0	0
658	4	1	1	0.000000	1.000000	1.000000	0.000000	0.000000	0	0	0
659	1	2	2	0.000000	2.000000	2.000000	0.000000	0.000000	0	0	0
660	48	1	2	0.000000	8.375000	7.125000	0.000000	0.000000	0	0	0
661	8	2	2	0.000000	6.875000	6.875000	0.000000	0.000000	0	0	0
662	26	1	1	0.000000	1.961538	1.961538	0.000000	0.000000	0	0	0
663	7	1	1	0.000000	8.285714	8.285714	0.000000	0.000000	0	0	0
664	26	1	1	0.000000	11.692308	11.538462	0.000000	0.000000	0	0	0
665	8	2	2	0.000000	19.500000	15.250000	0.000000	0.000000	0	0	0
666	4	2	1	0.000000	12.000000	12.000000	0.000000	0.000000	0	0	0
667	8	1	1	0.000000	12.000000	12.000000	0.000000	0.000000	0	0	0
668	2	1	2	0.000000	13.500000	13.500000	0.000000	0.000000	0	0	0
669	2	2	2	0.000000	14.000000	14.000000	0.000000	0.000000	0	0	0
670	1	1	1	0.000000	14.000000	14.000000	0.000000	0.000000	0	0	0
671	11	1	3	0.000000	10.090909	5.727273	0.000000	0.000000	0	0	0
672	2	1	1	0.000000	17.500000	17.500000	0.000000	0.000000	0	0	0
673	12	1	1	0.000000	1.000000	1.000000	0.000000	0.000000	0	0	0
674	23	1	2	0.000000	22.565217	21.608696	0.000000	0.000000	0	0	0
675	17	2	2	0.000000	13.882353	12.117647	0.000000	0.000000	0	0	0
676	5	2	1	0.000000	11.000000	9.800000	0.000000	0.000000	0	0	0
677	10	1	1	0.000000	7.200000	5.900000	0.000000	0.000000	0	0	0
678	2	1	1	0.000000	16.000000	16.000000	0.000000	0.000000	0	0	0
679	3	1	1	0.000000	14.000000	13.000000	0.000000	0.000000	0	0	0
680	1	2	2	0.000000	140.000000	43.000000	0.000000	0.000000	0	0	0
681	2	1	1	0.000000	1.500000	1.500000	0.000000	0.000000	0	0	0
682	8	1	2	0.000000	2.000000	2.000000	0.000000	0.000000	0	0	0
683	2	2	2	0.000000	27.500000	26.500000	0.000000	0.000000	0	0	0
684	166	0	1	0.000000	13.343373	12.801205	0.000000	0.000000	0	0	0
685	1	2	1	0.000000	127.000000	46.000000	0.000000	0.000000	0	0	0
686	1	2	6	0.000000	175.000000	20.000000	0.000000	0.000000	0	0	0
687	21	1	1	0.000000	1.000000	1.000000	0.000000	0.000000	0	0	0
688	2	2	1	0.000000	68.500000	27.500000	0.000000	0.000000	0	0	0
689	12	2	1	0.000000	22.333333	21.333333	0.000000	0.000000	0	0	0
690	15	1	1	0.000000	1.000000	1.000000	0.000000	0.000000	0	0	0
691	52	1	0	0.000000	1.000000	1.000000	0.000000	0.000000	0	0	0
692	6	1	2	0.000000	2.000000	2.000000	0.000000	0.000000	0	0	0
693	144	1	2	0.000000	17.416667	16.972222	0.000000	0.000000	0	0	0
694	37	1	0	0.000000	1.000000	1.000000	0.000000	0.000000	0	0	0
695	41	1	0	0.000000	1.000000	1.000000	0.000000	0.000000	0	0	0
696	1	1	2	0.000000	2.000000	2.000000	0.000000	0.000000	0	0	0
697	4	1	2	0.000000	3.000000	3.000000	0.000000	0.000000	0	0	0
698	0	1	5	Inf	Inf	Inf	Inf	Inf	0	0	0
699	106	1	2	0.000000	21.849057	21.000000	0.000000	0.000000	0	0	0
700	304	1	2	0.000000	25.865132	24.319079	0.000000	0.000000	0	0	0
701	18	1	2	0.000000	18.777778	18.000000	0.000000	0.000000	0	0	0
702	15	1	1	0.000000	1.400000	1.400000	0.000000	0.000000	0	0	0
703	2	1	2	0.000000	20.000000	20.000000	0.000000	0.000000	0	0	0
704	1	2	3	0.000000	24.000000	21.000000	0.000000	0.000000	0	0	0
705	2	2	1	0.000000	23.000000	20.000000	0.000000	0.000000	0	0	0
706	1	2	1	0.000000	21.000000	18.000000	0.000000	0.000000	0	0	0
707	1	1	1	0.000000	2.000000	2.000000	0.000000	0.000000	0	0	0
708	11	1	2	0.000000	3.000000	3.000000	0.000000	0.000000	0	0	0
709	1	2	1	0.000000	22.000000	22.000000	0.000000	0.000000	0	0	0
710	29	1	1	0.000000	15.620690	15.172414	0.000000	0.000000	0	0	0
711	1	2	2	0.000000	18.000000	18.000000	0.000000	0.000000	0	0	0
712	46	1	1	0.000000	1.086957	1.086957	0.000000	0.000000	0	0	0
713	254	2	2	0.000000	12.897638	12.519685	0.000000	0.000000	0	0	0
714	210	2	1	0.000000	11.942857	11.852381	0.000000	0.000000	0	0	0
715	25	1	1	0.000000	19.120000	18.200000	0.000000	0.000000	0	0	0
716	35	1	0	0.000000	1.000000	1.000000	0.000000	0.000000	0	0	0
717	1	1	1	0.000000	1.000000	1.000000	0.000000	0.000000	0	0	0
718	1	1	2	0.000000	2.000000	2.000000	0.000000	0.000000	0	0	0
719	13	1	2	0.000000	3.000000	2.076923	0.000000	0.000000	0	0	0
720	3	1	1	0.000000	1.000000	1.000000	0.000000	0.000000	0	0	0
721	15	1	1	0.000000	1.533333	1.533333	0.000000	0.000000	0	0	0
722	1	1	1	0.000000	16.000000	16.000000	0.000000	0.000000	0	0	0
723	4	1	2	0.000000	18.000000	18.000000	0.000000	0.000000	0	0	0
724	9	1	1	0.000000	3.000000	3.000000	0.000000	0.000000	0	0	0
725	15	1	1	0.000000	20.200000	18.866667	0.000000	0.000000	0	0	0
726	18	1	1	0.000000	4.611111	4.611111	0.000000	0.000000	0	0	0
727	4	2	2	0.000000	9.250000	9.250000	0.000000	0.000000	0	0	0
728	16	1	1	0.000000	1.000000	1.000000	0.000000	0.000000	0	0	0
729	1	2	3	0.000000	9.000000	9.000000	0.000000	0.000000	0	0	0
730	2	1	1	0.000000	1.500000	1.500000	0.000000	0.000000	0	0	0
731	1	2	2	0.000000	3.000000	3.000000	0.000000	0.000000	0	0	0
732	6	1	2	0.000000	2.000000	2.000000	0.000000	0.000000	0	0	0
733	36	1	1	0.000000	10.972222	6.750000	0.000000	0.000000	0	0	0
734	26	1	1	0.000000	11.923077	11.923077	0.000000	0.000000	0	0	0
735	6	2	1	0.000000	50.000000	17.666667	0.000000	0.000000	0	0	0
736	3	3	1	0.000000	109.000000	17.000000	0.000000	0.000000	0	0	0
737	51	1	1	0.000000	6.176471	6.176471	0.000000	0.000000	0	0	0
738	15	1	1	0.000000	6.733333	6.733333	0.000000	0.000000	0	0	0
739	9	1	1	0.000000	12.666667	12.222222	0.000000	0.000000	0	0	0
740	2	2	2	0.000000	27.000000	26.000000	0.000000	0.000000	0	0	0
741	168	1	1	0.000000	20.803571	20.053571	0.000000	0.000000	0	0	0
742	15	1	1	0.000000	7.000000	7.000000	0.000000	0.000000	0	0	0
743	5	1	1	0.000000	20.600000	11.400000	0.000000	0.000000	0	0	0
744	49	1	1	0.000000	1.020408	1.020408	0.000000	0.000000	0	0	0
745	6	1	2	0.000000	3.000000	2.000000	0.000000	0.000000	0	0	0
746	11	1	1	0.000000	1.090909	1.090909	0.000000	0.000000	0	0	0
747	4	1	1	0.000000	20.250000	9.750000	0.000000	0.000000	0	0	0
748	1	2	2	0.000000	25.000000	25.000000	0.000000	0.000000	0	0	0
749	1	2	1	0.000000	22.000000	22.000000	0.000000	0.000000	0	0	0
750	2	1	1	0.000000	18.500000	18.500000	0.000000	0.000000	0	0	0
751	2	2	2	0.000000	19.000000	19.000000	0.000000	0.000000	0	0	0
752	52	1	1	0.000000	5.846154	5.846154	0.000000	0.000000	0	0	0
753	6	2	2	0.000000	6.000000	6.000000	0.000000	0.000000	0	0	0
754	9	1	1	0.000000	6.555556	6.555556	0.000000	0.000000	0	0	0
755	9	2	1	0.000000	13.111111	12.888889	0.000000	0.000000	0	0	0
756	7	2	1	0.000000	11.285714	10.285714	0.000000	0.000000	0	0	0
757	3	1	1	0.000000	9.000000	9.000000	0.000000	0.000000	0	0	0
758	3	1	2	0.000000	10.000000	10.000000	0.000000	0.000000	0	0	0
759	7	1	2	0.000000	10.571429	10.571429	0.000000	0.000000	0	0	0
760	9	1	2	0.000000	7.888889	7.888889	0.000000	0.000000	0	0	0
761	3	1	2	0.000000	10.666667	10.666667	0.000000	0.000000	0	0	0
762	37	2	2	0.000000	18.297297	17.432432	0.000000	0.000000	0	0	0
763	31	1	0	0.000000	1.032258	1.032258	0.000000	0.000000	0	0	0
764	103	1	2	0.000000	8.339806	7.902913	0.000000	0.000000	0	0	0
765	173	1	2	0.000000	22.682081	21.566474	0.000000	0.000000	0	0	0
766	5	1	1	0.000000	1.600000	1.600000	0.000000	0.000000	0	0	0
767	3	1	1	0.000000	53.000000	10.000000	0.000000	0.000000	0	0	0
768	1	2	3	0.000000	67.000000	12.000000	0.000000	0.000000	0	0	0
769	3	2	3	0.000000	94.333333	13.000000	0.000000	0.000000	0	0	0
770	9	2	2	0.000000	23.333333	15.000000	0.000000	0.000000	0	0	0
771	3	2	1	0.000000	8.000000	8.000000	0.000000	0.000000	0	0	0
772	135	2	0	0.000000	17.718519	16.985185	0.000000	0.000000	0	0	0
773	38	1	1	0.000000	27.394737	26.526316	0.000000	0.000000	0	0	0
774	15	1	1	0.000000	1.066667	1.066667	0.000000	0.000000	0	0	0
775	4	1	1	0.000000	10.000000	10.000000	0.000000	0.000000	0	0	0
776	4	1	2	0.000000	11.000000	11.000000	0.000000	0.000000	0	0	0
777	6	1	1	0.000000	19.000000	19.000000	0.000000	0.000000	0	0	0
778	2	1	2	0.000000	23.500000	23.500000	0.000000	0.000000	0	0	0
779	7	1	2	0.000000	34.428571	29.000000	0.000000	0.000000	0	0	0
780	1	1	2	0.000000	43.000000	30.000000	0.000000	0.000000	0	0	0
781	2	2	1	0.000000	21.000000	21.000000	0.000000	0.000000	0	0	0
782	15	1	1	0.000000	2.000000	1.133333	0.000000	0.000000	0	0	0
783	55	1	1	0.000000	1.036364	1.036364	0.000000	0.000000	0	0	0
784	15	1	1	0.000000	10.266667	9.666667	0.000000	0.000000	0	0	0
785	235	2	1	0.000000	17.212766	16.531915	0.000000	0.000000	0	0	0
786	15	1	1	0.000000	1.000000	1.000000	0.000000	0.000000	0	0	0
787	23	1	1	0.000000	1.000000	1.000000	0.000000	0.000000	0	0	0
788	5	2	1	0.000000	18.800000	18.800000	0.000000	0.000000	0	0	0
789	15	1	1	0.000000	1.000000	1.000000	0.000000	0.000000	0	0	0
790	52	1	1	0.000000	1.019231	1.019231	0.000000	0.000000	0	0	0
791	4	1	2	0.000000	3.250000	3.250000	0.000000	0.000000	0	0	0
792	23	1	1	0.000000	1.000000	1.000000	0.000000	0.000000	0	0	0
793	4	1	2	0.000000	2.000000	2.000000	0.000000	0.000000	0	0	0
794	2	1	2	0.000000	3.000000	3.000000	0.000000	0.000000	0	0	0
795	1	2	2	0.000000	8.000000	8.000000	0.000000	0.000000	0	0	0
796	1	1	1	0.000000	6.000000	6.000000	0.000000	0.000000	0	0	0
797	23	1	1	0.000000	1.000000	1.000000	0.000000	0.000000	0	0	0
798	25	1	1	0.000000	1.000000	1.000000	0.000000	0.000000	0	0	0
799	129	1	2	0.000000	17.410853	16.713178	0.000000	0.000000	0	0	0
800	1	1	1	0.000000	12.000000	12.000000	0.000000	0.000000	0	0	0
801	11	1	2	0.000000	10.636364	10.636364	0.000000	0.000000	0	0	0
802	3	1	2	0.000000	24.000000	24.000000	0.000000	0.000000	0	0	0
803	27	1	1	0.000000	1.000000	1.000000	0.000000	0.000000	0	0	0
804	7	1	3	0.000000	22.285714	10.285714	0.000000	0.000000	0	0	0
805	1	2	2	0.000000	119.000000	13.000000	0.000000	0.000000	0	0	0
806	33	1	0	0.000000	1.000000	1.000000	0.000000	0.000000	0	0	0
807	22	1	2	0.000000	2.000000	1.090909	0.000000	0.000000	0	0	0
808	3	2	2	0.000000	13.000000	12.333333	0.000000	0.000000	0	0	0
809	3	1	1	0.000000	11.000000	11.000000	0.000000	0.000000	0	0	0
810	1	1	2	0.000000	13.000000	12.000000	0.000000	0.000000	0	0	0
811	4	2	1	0.000000	14.000000	13.000000	0.000000	0.000000	0	0	0
812	1	4	1	0.000000	75.000000	10.000000	0.000000	0.000000	0	0	0
813	4	2	2	0.000000	73.750000	11.250000	0.000000	0.000000	0	0	0
814	9	1	1	0.000000	10.000000	10.000000	0.000000	0.000000	0	0	0
815	1	1	2	0.000000	2.000000	2.000000	0.000000	0.000000	0	0	0
816	3	1	1	0.000000	1.000000	1.000000	0.000000	0.000000	0	0	0
817	1	2	2	0.000000	2.000000	2.000000	0.000000	0.000000	0	0	0
818	18	1	1	0.000000	1.000000	1.000000	0.000000	0.000000	0	0	0
819	2	2	2	0.000000	3.500000	3.500000	0.000000	0.000000	0	0	0
820	5	1	1	0.000000	2.000000	2.000000	0.000000	0.000000	0	0	0
821	22	1	1	0.000000	3.181818	1.727273	0.000000	0.000000	0	0	0
822	2	1	1	0.000000	2.000000	2.000000	0.000000	0.000000	0	0	0
823	25	1	2	0.000000	9.920000	9.320000	0.000000	0.000000	0	0	0
824	37	1	1	0.000000	1.000000	1.000000	0.000000	0.000000	0	0	0
825	2	1	2	0.000000	24.000000	1.000000	0.000000	0.000000	0	0	0
826	97	0	2	0.000000	13.907216	13.443299	0.000000	0.000000	0	0	0
827	3	1	1	0.000000	2.000000	2.000000	0.000000	0.000000	0	0	0
828	42	1	1	0.000000	10.404762	10.047619	0.000000	0.000000	0	0	0
829	15	1	1	0.000000	1.000000	1.000000	0.000000	0.000000	0	0	0
830	49	1	1	0.000000	9.755102	9.755102	0.000000	0.000000	0	0	0
831	27	1	1	0.000000	1.000000	1.000000	0.000000	0.000000	0	0	0
832	8	1	1	0.000000	1.000000	1.000000	0.000000	0.000000	0	0	0
833	12	1	1	0.000000	1.500000	1.500000	0.000000	0.000000	0	0	0
834	2	1	1	0.000000	2.000000	2.000000	0.000000	0.000000	0	0	0
835	2	1	2	0.000000	9.000000	9.000000	0.000000	0.000000	0	0	0
836	9	1	2	0.000000	11.777778	9.777778	0.000000	0.000000	0	0	0
837	2	2	2	0.000000	12.000000	8.000000	0.000000	0.000000	0	0	0
838	8	1	1	0.000000	3.000000	3.000000	0.000000	0.000000	0	0	0
839	2	2	2	0.000000	4.000000	4.000000	0.000000	0.000000	0	0	0
840	1	1	1	0.000000	3.000000	2.000000	0.000000	0.000000	0	0	0
841	3	1	2	0.000000	23.000000	23.000000	0.000000	0.000000	0	0	0
842	66	2	1	0.000000	14.878788	14.212121	0.000000	0.000000	0	0	0
843	2	1	2	0.000000	10.500000	10.500000	0.000000	0.000000	0	0	0
844	54	1	1	0.000000	7.851852	7.851852	0.000000	0.000000	0	0	0
845	8	1	1	0.000000	19.250000	17.750000	0.000000	0.000000	0	0	0
846	23	1	2	0.000000	20.521739	19.913043	0.000000	0.000000	0	0	0
847	2	2	2	0.000000	20.500000	19.500000	0.000000	0.000000	0	0	0
848	3	2	1	0.000000	15.333333	15.333333	0.000000	0.000000	0	0	0
849	6	1	1	0.000000	13.666667	13.666667	0.000000	0.000000	0	0	0
850	1	1	2	0.000000	65.000000	15.000000	0.000000	0.000000	0	0	0
851	1	2	2	0.000000	67.000000	13.000000	0.000000	0.000000	0	0	0
852	4	1	1	0.000000	75.500000	12.250000	0.000000	0.000000	0	0	0
853	1	1	1	0.000000	1.000000	1.000000	0.000000	0.000000	0	0	0
854	1	2	2	0.000000	2.000000	2.000000	0.000000	0.000000	0	0	0
855	28	1	1	0.000000	1.000000	1.000000	0.000000	0.000000	0	0	0
856	3	2	2	0.000000	2.000000	2.000000	0.000000	0.000000	0	0	0
857	24	1	1	0.000000	1.000000	1.000000	0.000000	0.000000	0	0	0
858	2	2	2	0.000000	19.000000	3.000000	0.000000	0.000000	0	0	0
859	20	1	2	0.000000	9.850000	9.250000	0.000000	0.000000	0	0	0
860	5	1	2	0.000000	17.600000	10.000000	0.000000	0.000000	0	0	0
861	29	1	1	0.000000	11.689655	11.689655	0.000000	0.000000	0	0	0
862	9	2	1	0.000000	21.111111	11.777778	0.000000	0.000000	0	0	0
863	50	1	0	0.000000	1.000000	1.000000	0.000000	0.000000	0	0	0
864	1	2	2	0.000000	19.000000	4.000000	0.000000	0.000000	0	0	0
865	15	1	1	0.000000	8.866667	7.400000	0.000000	0.000000	0	0	0
866	15	1	2	0.000000	6.533333	5.466667	0.000000	0.000000	0	0	0
867	49	1	1	0.000000	1.061224	1.061224	0.000000	0.000000	0	0	0
868	3	3	1	0.000000	79.333333	10.333333	0.000000	0.000000	0	0	0
869	8	2	1	0.000000	13.375000	10.375000	0.000000	0.000000	0	0	0
870	15	1	1	0.000000	1.000000	1.000000	0.000000	0.000000	0	0	0
871	2	1	1	0.000000	137.000000	21.000000	0.000000	0.000000	0	0	0
872	15	1	1	0.000000	1.000000	1.000000	0.000000	0.000000	0	0	0
873	5	1	1	0.000000	1.000000	1.000000	0.000000	0.000000	0	0	0
874	6	1	2	0.000000	16.833333	5.333333	0.000000	0.000000	0	0	0
875	53	1	2	0.000000	13.358491	12.924528	0.000000	0.000000	0	0	0
876	4	3	2	0.000000	39.750000	39.750000	0.000000	0.000000	0	0	0
877	184	1	2	0.000000	18.853261	16.880435	0.000000	0.000000	0	0	0
878	32	1	0	0.000000	1.000000	1.000000	0.000000	0.000000	0	0	0
879	15	1	1	0.000000	1.000000	1.000000	0.000000	0.000000	0	0	0
880	1	4	1	0.000000	173.000000	13.000000	0.000000	0.000000	0	0	0
881	23	1	1	0.000000	9.521739	8.739130	0.000000	0.000000	0	0	0
882	8	1	2	0.000000	6.375000	4.125000	0.000000	0.000000	0	0	0
883	7	1	1	0.000000	1.571429	1.142857	0.000000	0.000000	0	0	0
884	4	1	1	0.000000	1.000000	1.000000	0.000000	0.000000	0	0	0
885	15	1	1	0.000000	1.000000	1.000000	0.000000	0.000000	0	0	0
886	12	2	1	0.000000	7.583333	6.000000	0.000000	0.000000	0	0	0
887	7	1	1	0.000000	1.571429	1.571429	0.000000	0.000000	0	0	0
888	2	1	2	0.000000	3.000000	3.000000	0.000000	0.000000	0	0	0
889	2	1	4	0.000000	7.000000	7.000000	0.000000	0.000000	0	0	0
890	16	1	1	0.000000	1.000000	1.000000	0.000000	0.000000	0	0	0
891	24	1	2	0.000000	3.583333	3.583333	0.000000	0.000000	0	0	0
892	26	1	1	0.000000	1.000000	1.000000	0.000000	0.000000	0	0	0
893	1	3	2	0.000000	110.000000	8.000000	0.000000	0.000000	0	0	0
894	6	1	1	0.000000	4.000000	4.000000	0.000000	0.000000	0	0	0
895	8	1	1	0.000000	1.000000	1.000000	0.000000	0.000000	0	0	0
896	2	2	2	0.000000	107.500000	2.000000	0.000000	0.000000	0	0	0
897	3	1	1	0.000000	124.333333	18.333333	0.000000	0.000000	0	0	0
898	15	2	1	0.000000	2.466667	2.200000	0.000000	0.000000	0	0	0
899	2	1	1	0.000000	1.000000	1.000000	0.000000	0.000000	0	0	0
900	2	2	2	0.000000	170.500000	4.000000	0.000000	0.000000	0	0	0
901	16	1	1	0.000000	1.000000	1.000000	0.000000	0.000000	0	0	0
902	31	2	0	0.000000	1.225806	1.225806	0.000000	0.000000	0	0	0
903	8	2	1	0.000000	1.125000	1.125000	0.000000	0.000000	0	0	0
904	11	1	1	0.000000	1.000000	1.000000	0.000000	0.000000	0	0	0
905	1	2	2	0.000000	3.000000	3.000000	0.000000	0.000000	0	0	0
906	7	1	1	0.000000	1.142857	1.142857	0.000000	0.000000	0	0	0
907	1	4	2	0.000000	40.000000	4.000000	0.000000	0.000000	0	0	0
908	1	1	1	0.000000	1.000000	1.000000	0.000000	0.000000	0	0	0
909	2	2	2	0.000000	2.000000	2.000000	0.000000	0.000000	0	0	0
910	1	1	1	0.000000	1.000000	1.000000	0.000000	0.000000	0	0	0
911	1	1	1	0.000000	1.000000	1.000000	0.000000	0.000000	0	0	0
912	10	1	1	0.000000	1.000000	1.000000	0.000000	0.000000	0	0	0
913	4	1	1	0.000000	1.000000	1.000000	0.000000	0.000000	0	0	0
914	33	1	1	0.000000	1.000000	1.000000	0.000000	0.000000	0	0	0
915	36	1	0	0.000000	1.000000	1.000000	0.000000	0.000000	0	0	0
916	4	1	1	0.000000	64.250000	1.000000	0.000000	0.000000	0	0	0
917	2	1	1	0.000000	1.000000	1.000000	0.000000	0.000000	0	0	0
918	12	1	1	0.000000	1.000000	1.000000	0.000000	0.000000	0	0	0
919	7	1	1	0.000000	3.000000	3.000000	0.000000	0.000000	0	0	0
920	4	1	2	0.000000	4.000000	4.000000	0.000000	0.000000	0	0	0
921	14	2	1	0.000000	6.285714	6.285714	0.000000	0.000000	0	0	0
922	8	2	1	0.000000	7.000000	7.000000	0.000000	0.000000	0	0	0
923	44	1	1	0.000000	1.000000	1.000000	0.000000	0.000000	0	0	0
924	3	1	1	0.000000	1.000000	1.000000	0.000000	0.000000	0	0	0
925	18	1	1	0.000000	1.000000	1.000000	0.000000	0.000000	0	0	0
926	4	1	2	0.000000	2.000000	2.000000	0.000000	0.000000	0	0	0
927	4	1	2	0.000000	3.000000	3.000000	0.000000	0.000000	0	0	0
928	1	1	2	0.000000	4.000000	4.000000	0.000000	0.000000	0	0	0
929	3	1	2	0.000000	1.666667	1.666667	0.000000	0.000000	0	0	0
930	26	1	1	0.000000	1.000000	1.000000	0.000000	0.000000	0	0	0
931	15	1	1	0.000000	3.800000	3.800000	0.000000	0.000000	0	0	0
932	4	1	1	0.000000	5.500000	5.500000	0.000000	0.000000	0	0	0
933	10	2	1	0.000000	7.100000	6.800000	0.000000	0.000000	0	0	0
934	13	1	1	0.000000	5.076923	5.076923	0.000000	0.000000	0	0	0
935	6	1	2	0.000000	12.000000	4.000000	0.000000	0.000000	0	0	0
936	46	1	1	0.000000	1.000000	1.000000	0.000000	0.000000	0	0	0
937	36	1	1	0.000000	1.000000	1.000000	0.000000	0.000000	0	0	0
938	47	2	2	0.000000	14.382979	12.148936	0.000000	0.000000	0	0	0
939	46	1	0	0.000000	1.000000	1.000000	0.000000	0.000000	0	0	0
940	21	1	1	0.000000	1.000000	1.000000	0.000000	0.000000	0	0	0
941	14	2	1	0.000000	7.357143	5.571429	0.000000	0.000000	0	0	0
942	29	1	1	0.000000	5.103448	4.965517	0.000000	0.000000	0	0	0
943	15	1	1	0.000000	1.000000	1.000000	0.000000	0.000000	0	0	0
944	2	1	1	0.000000	2.000000	2.000000	0.000000	0.000000	0	0	0
945	3	1	1	0.000000	3.000000	3.000000	0.000000	0.000000	0	0	0
946	2	2	2	0.000000	4.500000	4.500000	0.000000	0.000000	0	0	0
947	15	1	1	0.000000	2.533333	2.533333	0.000000	0.000000	0	0	0
948	13	1	1	0.000000	1.384615	1.384615	0.000000	0.000000	0	0	0
949	5	1	1	0.000000	8.600000	8.600000	0.000000	0.000000	0	0	0
950	16	1	1	0.000000	6.750000	6.750000	0.000000	0.000000	0	0	0
951	1	2	2	0.000000	10.000000	10.000000	0.000000	0.000000	0	0	0
952	1	2	2	0.000000	10.000000	10.000000	0.000000	0.000000	0	0	0
953	1	2	1	0.000000	9.000000	6.000000	0.000000	0.000000	0	0	0
954	1	2	1	0.000000	8.000000	8.000000	0.000000	0.000000	0	0	0
955	2	1	2	0.000000	6.500000	6.500000	0.000000	0.000000	0	0	0
956	1	2	3	0.000000	8.000000	8.000000	0.000000	0.000000	0	0	0
957	5	1	1	0.000000	1.000000	1.000000	0.000000	0.000000	0	0	0
958	2	2	1	0.000000	3.500000	3.500000	0.000000	0.000000	0	0	0
959	1	2	1	0.000000	4.000000	3.000000	0.000000	0.000000	0	0	0
960	2	1	1	0.000000	3.000000	2.000000	0.000000	0.000000	0	0	0
961	15	1	1	0.000000	1.666667	1.666667	0.000000	0.000000	0	0	0
962	44	1	0	0.000000	1.000000	1.000000	0.000000	0.000000	0	0	0
963	15	1	1	0.000000	1.133333	1.133333	0.000000	0.000000	0	0	0
964	39	1	0	0.000000	1.000000	1.000000	0.000000	0.000000	0	0	0
965	4	2	2	0.000000	2.000000	2.000000	0.000000	0.000000	0	0	0
966	19	1	1	0.000000	1.000000	1.000000	0.000000	0.000000	0	0	0
967	3	1	3	0.000000	4.000000	2.000000	0.000000	0.000000	0	0	0
968	2	2	1	0.000000	5.000000	5.000000	0.000000	0.000000	0	0	0
969	4	2	1	0.000000	4.000000	4.000000	0.000000	0.000000	0	0	0
970	27	2	1	0.000000	19.037037	14.222222	0.000000	0.000000	0	0	0
971	15	1	1	0.000000	1.000000	1.000000	0.000000	0.000000	0	0	0
972	1	2	1	0.000000	2.000000	2.000000	0.000000	0.000000	0	0	0
973	34	1	1	0.000000	1.000000	1.000000	0.000000	0.000000	0	0	0
974	8	1	2	0.000000	14.125000	1.500000	0.000000	0.000000	0	0	0
975	16	1	2	0.000000	12.375000	11.187500	0.000000	0.000000	0	0	0
976	3	2	2	0.000000	16.333333	5.000000	0.000000	0.000000	0	0	0
977	5	1	1	0.000000	16.200000	8.000000	0.000000	0.000000	0	0	0
978	34	1	0	0.000000	1.000000	1.000000	0.000000	0.000000	0	0	0
979	15	1	1	0.000000	2.000000	1.200000	0.000000	0.000000	0	0	0
980	1	1	1	0.000000	76.000000	6.000000	0.000000	0.000000	0	0	0
981	32	1	1	0.000000	1.062500	1.062500	0.000000	0.000000	0	0	0
982	6	1	1	0.000000	15.000000	15.000000	0.000000	0.000000	0	0	0
983	2	2	2	0.000000	24.000000	2.000000	0.000000	0.000000	0	0	0
984	7	1	1	0.000000	1.000000	1.000000	0.000000	0.000000	0	0	0
985	41	1	0	0.000000	1.195122	1.195122	0.000000	0.000000	0	0	0
986	1	1	3	0.000000	5.000000	5.000000	0.000000	0.000000	0	0	0
987	35	1	0	0.000000	1.000000	1.000000	0.000000	0.000000	0	0	0
988	12	1	1	0.000000	1.000000	1.000000	0.000000	0.000000	0	0	0
989	1	2	1	0.000000	3.000000	3.000000	0.000000	0.000000	0	0	0
990	4	2	1	0.000000	2.000000	2.000000	0.000000	0.000000	0	0	0
991	21	1	1	0.000000	1.000000	1.000000	0.000000	0.000000	0	0	0
992	10	1	2	0.000000	2.000000	1.300000	0.000000	0.000000	0	0	0
993	18	1	2	0.000000	3.000000	1.611111	0.000000	0.000000	0	0	0
994	1	1	3	0.000000	11.000000	3.000000	0.000000	0.000000	0	0	0
995	15	1	1	0.000000	1.000000	1.000000	0.000000	0.000000	0	0	0
996	60	1	0	0.000000	1.000000	1.000000	0.000000	0.000000	0	0	0
997	4	2	1	0.000000	2.000000	2.000000	0.000000	0.000000	0	0	0
998	4	1	1	0.000000	1.000000	1.000000	0.000000	0.000000	0	0	0
999	3	1	2	0.000000	2.000000	2.000000	0.000000	0.000000	0	0	0
1000	18	2	1	0.000000	1.111111	1.111111	0.000000	0.000000	0	0	0
1001	13	1	1	0.000000	1.000000	1.000000	0.000000	0.000000	0	0	0
1002	2	2	2	0.000000	3.000000	3.000000	0.000000	0.000000	0	0	0
1003	1	2	1	0.000000	2.000000	2.000000	0.000000	0.000000	0	0	0
1004	1	1	1	0.000000	1.000000	1.000000	0.000000	0.000000	0	0	0
1005	5	1	2	0.000000	2.000000	2.000000	0.000000	0.000000	0	0	0
1006	2	1	2	0.000000	3.000000	3.000000	0.000000	0.000000	0	0	0
1007	28	1	1	0.000000	1.464286	1.464286	0.000000	0.000000	0	0	0
1008	1	1	1	0.000000	18.000000	3.000000	0.000000	0.000000	0	0	0
1009	37	1	0	0.000000	1.000000	1.000000	0.000000	0.000000	0	0	0
1010	3	2	1	0.000000	6.666667	6.666667	0.000000	0.000000	0	0	0
1011	3	2	2	0.000000	7.000000	7.000000	0.000000	0.000000	0	0	0
1012	4	1	1	0.000000	6.000000	6.000000	0.000000	0.000000	0	0	0
1013	62	1	0	0.000000	1.000000	1.000000	0.000000	0.000000	0	0	0
1014	3	1	1	0.000000	2.000000	2.000000	0.000000	0.000000	0	0	0
1015	7	2	2	0.000000	14.571429	2.000000	0.000000	0.000000	0	0	0
1016	6	1	1	0.000000	1.000000	1.000000	0.000000	0.000000	0	0	0
1017	15	1	1	0.000000	1.000000	1.000000	0.000000	0.000000	0	0	0
1018	53	1	1	0.000000	1.000000	1.000000	0.000000	0.000000	0	0	0
1019	2	2	1	0.000000	2.000000	2.000000	0.000000	0.000000	0	0	0
1020	6	1	1	0.000000	1.000000	1.000000	0.000000	0.000000	0	0	0
1021	5	1	1	0.000000	1.000000	1.000000	0.000000	0.000000	0	0	0
1022	4	1	1	0.000000	2.000000	2.000000	0.000000	0.000000	0	0	0
1023	8	1	1	0.000000	1.000000	1.000000	0.000000	0.000000	0	0	0
1024	31	1	0	0.000000	1.000000	1.000000	0.000000	0.000000	0	0	0
1025	1	1	2	0.000000	5.000000	5.000000	0.000000	0.000000	0	0	0
1026	1	3	2	0.000000	4.000000	4.000000	0.000000	0.000000	0	0	0
1027	12	2	1	0.000000	1.916667	1.916667	0.000000	0.000000	0	0	0
1028	4	1	1	0.000000	2.000000	2.000000	0.000000	0.000000	0	0	0
1029	1	1	2	0.000000	4.000000	4.000000	0.000000	0.000000	0	0	0
1030	1	1	2	0.000000	12.000000	4.000000	0.000000	0.000000	0	0	0
1031	3	2	1	0.000000	2.000000	2.000000	0.000000	0.000000	0	0	0
1032	12	1	1	0.000000	1.000000	1.000000	0.000000	0.000000	0	0	0
1033	1	1	1	0.000000	1.000000	1.000000	0.000000	0.000000	0	0	0
1034	8	1	1	0.000000	1.250000	1.250000	0.000000	0.000000	0	0	0
1035	39	1	0	0.000000	1.000000	1.000000	0.000000	0.000000	0	0	0
1036	5	2	1	0.000000	1.600000	1.600000	0.000000	0.000000	0	0	0
1037	2	1	1	0.000000	1.000000	1.000000	0.000000	0.000000	0	0	0
1038	7	1	1	0.000000	1.000000	1.000000	0.000000	0.000000	0	0	0
1039	8	1	1	0.000000	7.125000	6.500000	0.000000	0.000000	0	0	0
1040	15	1	1	0.000000	1.000000	1.000000	0.000000	0.000000	0	0	0
1041	64	1	0	0.000000	1.000000	1.000000	0.000000	0.000000	0	0	0
1042	4	1	2	0.000000	1.250000	1.250000	0.000000	0.000000	0	0	0
1043	15	1	1	0.000000	1.000000	1.000000	0.000000	0.000000	0	0	0
1044	33	1	0	0.000000	1.000000	1.000000	0.000000	0.000000	0	0	0
1045	6	1	2	0.000000	3.333333	2.333333	0.000000	0.000000	0	0	0
1046	1	1	2	0.000000	11.000000	4.000000	0.000000	0.000000	0	0	0
1047	45	1	1	0.000000	3.133333	2.644444	0.000000	0.000000	0	0	0
1048	38	1	1	0.000000	1.000000	1.000000	0.000000	0.000000	0	0	0
1049	6	1	1	0.000000	1.000000	1.000000	0.000000	0.000000	0	0	0
1050	15	1	1	0.000000	1.000000	1.000000	0.000000	0.000000	0	0	0
1051	13	1	1	0.000000	6.923077	6.923077	0.000000	0.000000	0	0	0
1052	2	1	2	0.000000	8.000000	8.000000	0.000000	0.000000	0	0	0
1053	3	2	2	0.000000	9.000000	9.000000	0.000000	0.000000	0	0	0
1054	11	1	1	0.000000	7.818182	6.636364	0.000000	0.000000	0	0	0
1055	1	2	2	0.000000	9.000000	7.000000	0.000000	0.000000	0	0	0
1056	15	1	1	0.000000	2.733333	2.733333	0.000000	0.000000	0	0	0
1057	31	1	0	0.000000	1.000000	1.000000	0.000000	0.000000	0	0	0
1058	1	2	2	0.000000	52.000000	2.000000	0.000000	0.000000	0	0	0
1059	36	1	1	0.000000	1.000000	1.000000	0.000000	0.000000	0	0	0
1060	24	1	1	0.000000	1.000000	1.000000	0.000000	0.000000	0	0	0
1061	25	1	1	0.000000	10.680000	10.080000	0.000000	0.000000	0	0	0
1062	1	2	2	0.000000	8.000000	6.000000	0.000000	0.000000	0	0	0
1063	3	1	1	0.000000	6.333333	3.000000	0.000000	0.000000	0	0	0
1064	1	2	5	0.000000	169.000000	5.000000	0.000000	0.000000	0	0	0
1065	21	3	1	0.000000	1.238095	1.238095	0.000000	0.000000	0	0	0
1066	1	2	2	0.000000	2.000000	2.000000	0.000000	0.000000	0	0	0
1067	2	1	1	0.000000	1.000000	1.000000	0.000000	0.000000	0	0	0
1068	2	2	2	0.000000	2.000000	2.000000	0.000000	0.000000	0	0	0
1069	27	1	1	0.000000	1.000000	1.000000	0.000000	0.000000	0	0	0
1070	1	2	1	0.000000	2.000000	2.000000	0.000000	0.000000	0	0	0
1071	20	1	1	0.000000	1.000000	1.000000	0.000000	0.000000	0	0	0
1072	56	1	0	0.000000	1.000000	1.000000	0.000000	0.000000	0	0	0
1073	3	2	1	0.000000	5.000000	3.000000	0.000000	0.000000	0	0	0
1074	15	1	1	0.000000	1.000000	1.000000	0.000000	0.000000	0	0	0
1075	37	1	0	0.000000	1.000000	1.000000	0.000000	0.000000	0	0	0
1076	2	2	2	0.000000	11.000000	3.000000	0.000000	0.000000	0	0	0
1077	10	1	1	0.000000	10.200000	1.000000	0.000000	0.000000	0	0	0
1078	43	1	0	0.000000	1.000000	1.000000	0.000000	0.000000	0	0	0
1079	4	2	2	0.000000	2.000000	2.000000	0.000000	0.000000	0	0	0
1080	1	1	1	0.000000	1.000000	1.000000	0.000000	0.000000	0	0	0
1081	48	1	2	0.000000	1.020833	1.020833	0.000000	0.000000	0	0	0
1082	1	2	3	0.000000	21.000000	2.000000	0.000000	0.000000	0	0	0
1083	10	1	1	0.000000	1.000000	1.000000	0.000000	0.000000	0	0	0
1084	3	2	1	0.000000	2.000000	2.000000	0.000000	0.000000	0	0	0
1085	15	1	1	0.000000	1.000000	1.000000	0.000000	0.000000	0	0	0
1086	69	1	0	0.000000	1.000000	1.000000	0.000000	0.000000	0	0	0
1087	1	1	2	0.000000	2.000000	2.000000	0.000000	0.000000	0	0	0
1088	15	1	1	0.000000	1.000000	1.000000	0.000000	0.000000	0	0	0
1089	49	1	0	0.000000	1.000000	1.000000	0.000000	0.000000	0	0	0
1090	1	1	1	0.000000	38.000000	3.000000	0.000000	0.000000	0	0	0
1091	1	1	1	0.000000	1.000000	1.000000	0.000000	0.000000	0	0	0
1092	15	1	1	0.000000	1.000000	1.000000	0.000000	0.000000	0	0	0
1093	32	1	0	0.000000	1.000000	1.000000	0.000000	0.000000	0	0	0
1094	15	1	1	0.000000	1.000000	1.000000	0.000000	0.000000	0	0	0
1095	64	1	0	0.000000	1.078125	1.078125	0.000000	0.000000	0	0	0
1096	8	1	1	0.000000	1.125000	1.125000	0.000000	0.000000	0	0	0
1097	32	1	0	0.000000	1.000000	1.000000	0.000000	0.000000	0	0	0
1098	2	2	2	0.000000	2.000000	2.000000	0.000000	0.000000	0	0	0
1099	19	1	1	0.000000	1.000000	1.000000	0.000000	0.000000	0	0	0
1100	20	1	1	0.000000	1.000000	1.000000	0.000000	0.000000	0	0	0
1101	1	1	2	0.000000	2.000000	2.000000	0.000000	0.000000	0	0	0
1102	34	1	0	0.000000	1.000000	1.000000	0.000000	0.000000	0	0	0
1103	1	1	1	0.000000	4.000000	4.000000	0.000000	0.000000	0	0	0
1104	1	1	1	0.000000	1.000000	1.000000	0.000000	0.000000	0	0	0
1105	1	2	2	0.000000	4.000000	4.000000	0.000000	0.000000	0	0	0
1106	1	2	3	0.000000	5.000000	5.000000	0.000000	0.000000	0	0	0
1107	1	2	2	0.000000	6.000000	6.000000	0.000000	0.000000	0	0	0
1108	15	1	1	0.000000	1.000000	1.000000	0.000000	0.000000	0	0	0
1109	2	1	1	0.000000	1.000000	1.000000	0.000000	0.000000	0	0	0
1110	1	2	2	0.000000	2.000000	2.000000	0.000000	0.000000	0	0	0
1111	16	1	1	0.000000	1.562500	1.375000	0.000000	0.000000	0	0	0
1112	15	1	1	0.000000	1.000000	1.000000	0.000000	0.000000	0	0	0
1113	1	1	1	0.000000	82.000000	1.000000	0.000000	0.000000	0	0	0
1114	3	1	1	0.000000	1.000000	1.000000	0.000000	0.000000	0	0	0
1115	1	1	1	0.000000	11.000000	1.000000	0.000000	0.000000	0	0	0
1116	2	1	1	0.000000	1.000000	1.000000	0.000000	0.000000	0	0	0
1117	16	1	1	0.000000	1.000000	1.000000	0.000000	0.000000	0	0	0
1118	5	1	1	0.000000	1.000000	1.000000	0.000000	0.000000	0	0	0
1119	7	1	1	0.000000	1.000000	1.000000	0.000000	0.000000	0	0	0
1120	3	2	2	0.000000	3.000000	3.000000	0.000000	0.000000	0	0	0
1121	9	1	1	0.000000	2.000000	2.000000	0.000000	0.000000	0	0	0
1122	15	1	1	0.000000	1.000000	1.000000	0.000000	0.000000	0	0	0
1123	7	2	1	0.000000	1.142857	1.142857	0.000000	0.000000	0	0	0
1124	1	1	1	0.000000	1.000000	1.000000	0.000000	0.000000	0	0	0
1125	15	1	1	0.000000	1.000000	1.000000	0.000000	0.000000	0	0	0
1126	15	1	1	0.000000	1.400000	1.400000	0.000000	0.000000	0	0	0
1127	15	1	1	0.000000	1.000000	1.000000	0.000000	0.000000	0	0	0
1128	15	1	1	0.000000	1.000000	1.000000	0.000000	0.000000	0	0	0
1129	41	1	1	0.000000	1.000000	1.000000	0.000000	0.000000	0	0	0
1130	41	1	0	0.000000	1.000000	1.000000	0.000000	0.000000	0	0	0
1131	5	1	1	0.000000	1.000000	1.000000	0.000000	0.000000	0	0	0
1132	43	1	1	0.000000	1.000000	1.000000	0.000000	0.000000	0	0	0
1133	1	2	4	0.000000	9.000000	4.000000	0.000000	0.000000	0	0	0
1134	1	4	2	0.000000	9.000000	4.000000	0.000000	0.000000	0	0	0
1135	1	2	2	0.000000	2.000000	2.000000	0.000000	0.000000	0	0	0
1136	14	1	1	0.000000	1.000000	1.000000	0.000000	0.000000	0	0	0
1137	9	2	1	0.000000	2.222222	1.555556	0.000000	0.000000	0	0	0
1138	6	1	1	0.000000	1.000000	1.000000	0.000000	0.000000	0	0	0
1139	48	1	0	0.000000	1.000000	1.000000	0.000000	0.000000	0	0	0
1140	53	1	1	0.000000	1.018868	1.018868	0.000000	0.000000	0	0	0
1141	33	1	0	0.000000	1.000000	1.000000	0.000000	0.000000	0	0	0
1142	33	1	1	0.000000	1.000000	1.000000	0.000000	0.000000	0	0	0
1143	30	2	0	0.000000	1.133333	1.133333	0.000000	0.000000	0	0	0
1144	39	1	0	0.000000	1.000000	1.000000	0.000000	0.000000	0	0	0
1145	15	1	1	0.000000	1.000000	1.000000	0.000000	0.000000	0	0	0
1146	59	1	0	0.000000	1.000000	1.000000	0.000000	0.000000	0	0	0
1147	58	1	1	0.000000	1.000000	1.000000	0.000000	0.000000	0	0	0
1148	50	1	0	0.000000	1.000000	1.000000	0.000000	0.000000	0	0	0
1149	2	1	2	0.000000	2.000000	2.000000	0.000000	0.000000	0	0	0
1150	15	1	1	0.000000	1.000000	1.000000	0.000000	0.000000	0	0	0
1151	1	1	1	0.000000	16.000000	1.000000	0.000000	0.000000	0	0	0
1152	38	1	0	0.000000	1.000000	1.000000	0.000000	0.000000	0	0	0
1153	34	1	0	0.000000	1.000000	1.000000	0.000000	0.000000	0	0	0
1154	60	1	0	0.000000	1.000000	1.000000	0.000000	0.000000	0	0	0
1155	9	1	1	0.000000	1.000000	1.000000	0.000000	0.000000	0	0	0
1156	6	1	2	0.000000	2.000000	2.000000	0.000000	0.000000	0	0	0
1157	20	1	1	0.000000	1.000000	1.000000	0.000000	0.000000	0	0	0
1158	9	1	1	0.000000	1.000000	1.000000	0.000000	0.000000	0	0	0
1159	6	2	2	0.000000	76.000000	1.500000	0.000000	0.000000	0	0	0
1160	4	1	1	0.000000	1.000000	1.000000	0.000000	0.000000	0	0	0
1161	2	1	1	0.000000	2.000000	2.000000	0.000000	0.000000	0	0	0
1162	12	2	1	0.000000	2.500000	2.500000	0.000000	0.000000	0	0	0
1163	3	1	1	0.000000	1.000000	1.000000	0.000000	0.000000	0	0	0
1164	1	1	1	0.000000	1.000000	1.000000	0.000000	0.000000	0	0	0
1165	2	1	2	0.000000	3.000000	3.000000	0.000000	0.000000	0	0	0
1166	1	2	2	0.000000	4.000000	4.000000	0.000000	0.000000	0	0	0
1167	1	1	1	0.000000	2.000000	2.000000	0.000000	0.000000	0	0	0
1168	3	2	2	0.000000	4.000000	4.000000	0.000000	0.000000	0	0	0
1169	3	1	1	0.000000	2.000000	2.000000	0.000000	0.000000	0	0	0
1170	1	1	1	0.000000	2.000000	2.000000	0.000000	0.000000	0	0	0
1171	3	1	1	0.000000	1.000000	1.000000	0.000000	0.000000	0	0	0
1172	15	1	1	0.000000	1.000000	1.000000	0.000000	0.000000	0	0	0
1173	57	1	0	0.000000	1.000000	1.000000	0.000000	0.000000	0	0	0
1174	9	2	1	0.000000	1.333333	1.333333	0.000000	0.000000	0	0	0
1175	1	1	1	0.000000	1.000000	1.000000	0.000000	0.000000	0	0	0
1176	6	1	2	0.000000	2.000000	2.000000	0.000000	0.000000	0	0	0
1177	15	1	1	0.000000	1.000000	1.000000	0.000000	0.000000	0	0	0
1178	2	1	1	0.000000	1.000000	1.000000	0.000000	0.000000	0	0	0
1179	14	1	1	0.000000	1.000000	1.000000	0.000000	0.000000	0	0	0
1180	6	2	2	0.000000	2.000000	2.000000	0.000000	0.000000	0	0	0
1181	7	1	1	0.000000	1.142857	1.142857	0.000000	0.000000	0	0	0
1182	2	2	1	0.000000	23.000000	2.000000	0.000000	0.000000	0	0	0
1183	2	3	1	0.000000	20.000000	1.000000	0.000000	0.000000	0	0	0
1184	14	1	1	0.000000	1.000000	1.000000	0.000000	0.000000	0	0	0
1185	5	2	2	0.000000	2.200000	2.200000	0.000000	0.000000	0	0	0
1186	33	1	1	0.000000	1.000000	1.000000	0.000000	0.000000	0	0	0
1187	10	1	1	0.000000	6.500000	6.300000	0.000000	0.000000	0	0	0
1188	7	1	1	0.000000	1.428571	1.428571	0.000000	0.000000	0	0	0
1189	32	1	0	0.000000	1.000000	1.000000	0.000000	0.000000	0	0	0
1190	1	1	1	0.000000	1.000000	1.000000	0.000000	0.000000	0	0	0
1191	25	1	1	0.000000	1.000000	1.000000	0.000000	0.000000	0	0	0
1192	10	1	1	0.000000	1.000000	1.000000	0.000000	0.000000	0	0	0
1193	15	1	1	0.000000	1.000000	1.000000	0.000000	0.000000	0	0	0
1194	1	2	2	0.000000	3.000000	3.000000	0.000000	0.000000	0	0	0
1195	3	2	1	0.000000	2.000000	2.000000	0.000000	0.000000	0	0	0
1196	16	1	1	0.000000	2.000000	1.062500	0.000000	0.000000	0	0	0
1197	31	1	0	0.000000	1.000000	1.000000	0.000000	0.000000	0	0	0
1198	1	1	2	0.000000	2.000000	2.000000	0.000000	0.000000	0	0	0
1199	3	1	1	0.000000	2.000000	2.000000	0.000000	0.000000	0	0	0
1200	1	2	2	0.000000	3.000000	3.000000	0.000000	0.000000	0	0	0
1201	1	1	1	0.000000	2.000000	2.000000	0.000000	0.000000	0	0	0
1202	2	2	1	0.000000	2.000000	2.000000	0.000000	0.000000	0	0	0
1203	12	1	1	0.000000	1.000000	1.000000	0.000000	0.000000	0	0	0
1204	1	1	2	0.000000	2.000000	2.000000	0.000000	0.000000	0	0	0
1205	7	1	1	0.000000	2.000000	2.000000	0.000000	0.000000	0	0	0
1206	1	1	2	0.000000	3.000000	3.000000	0.000000	0.000000	0	0	0
1207	24	1	1	0.000000	26.000000	21.166667	0.000000	0.000000	0	0	0
1208	6	1	1	0.000000	3.666667	3.000000	0.000000	0.000000	0	0	0
1209	4	1	1	0.000000	1.000000	1.000000	0.000000	0.000000	0	0	0
1210	8	1	1	0.000000	1.000000	1.000000	0.000000	0.000000	0	0	0
1211	1	1	1	0.000000	2.000000	2.000000	0.000000	0.000000	0	0	0
1212	3	1	1	0.000000	1.000000	1.000000	0.000000	0.000000	0	0	0
1213	2	2	1	0.000000	1.500000	1.500000	0.000000	0.000000	0	0	0
1214	1	2	2	0.000000	2.000000	2.000000	0.000000	0.000000	0	0	0
1215	6	1	1	0.000000	1.000000	1.000000	0.000000	0.000000	0	0	0
1216	3	1	2	0.000000	4.333333	2.000000	0.000000	0.000000	0	0	0
1217	3	1	1	0.000000	2.000000	2.000000	0.000000	0.000000	0	0	0
1218	3	1	1	0.000000	1.000000	1.000000	0.000000	0.000000	0	0	0
1219	1	2	2	0.000000	2.000000	2.000000	0.000000	0.000000	0	0	0
1220	28	1	1	0.000000	1.000000	1.000000	0.000000	0.000000	0	0	0
1221	3	1	1	0.000000	1.000000	1.000000	0.000000	0.000000	0	0	0
1222	63	1	0	0.000000	1.000000	1.000000	0.000000	0.000000	0	0	0
1223	2	1	1	0.000000	1.500000	1.500000	0.000000	0.000000	0	0	0
1224	1	2	1	0.000000	5.000000	5.000000	0.000000	0.000000	0	0	0
1225	1	1	1	0.000000	3.000000	3.000000	0.000000	0.000000	0	0	0
1226	1	2	2	0.000000	4.000000	4.000000	0.000000	0.000000	0	0	0
1227	1	3	2	0.000000	4.000000	4.000000	0.000000	0.000000	0	0	0
1228	2	1	1	0.000000	1.000000	1.000000	0.000000	0.000000	0	0	0
1229	31	1	1	0.000000	1.000000	1.000000	0.000000	0.000000	0	0	0
1230	26	1	1	0.000000	1.000000	1.000000	0.000000	0.000000	0	0	0
1231	23	1	1	0.000000	1.000000	1.000000	0.000000	0.000000	0	0	0
1232	21	1	1	0.000000	1.000000	1.000000	0.000000	0.000000	0	0	0
1233	7	1	2	0.000000	3.000000	2.000000	0.000000	0.000000	0	0	0
1234	4	1	1	0.000000	1.000000	1.000000	0.000000	0.000000	0	0	0
1235	1	2	2	0.000000	2.000000	2.000000	0.000000	0.000000	0	0	0
1236	10	1	1	0.000000	1.000000	1.000000	0.000000	0.000000	0	0	0
1237	3	1	1	0.000000	1.000000	1.000000	0.000000	0.000000	0	0	0
1238	1	1	1	0.000000	1.000000	1.000000	0.000000	0.000000	0	0	0
1239	2	2	1	0.000000	2.000000	2.000000	0.000000	0.000000	0	0	0
1240	15	1	1	0.000000	1.000000	1.000000	0.000000	0.000000	0	0	0
1241	14	1	1	0.000000	1.000000	1.000000	0.000000	0.000000	0	0	0
1242	22	1	2	0.000000	1.045455	1.045455	0.000000	0.000000	0	0	0
1243	34	1	0	0.000000	1.000000	1.000000	0.000000	0.000000	0	0	0
1244	6	1	1	0.000000	1.000000	1.000000	0.000000	0.000000	0	0	0
1245	71	1	1	0.000000	1.000000	1.000000	0.000000	0.000000	0	0	0
1246	15	1	1	0.000000	1.000000	1.000000	0.000000	0.000000	0	0	0
1247	80	1	0	0.000000	1.000000	1.000000	0.000000	0.000000	0	0	0
1248	1	2	1	0.000000	19.000000	2.000000	0.000000	0.000000	0	0	0
1249	9	1	1	0.000000	3.333333	2.222222	0.000000	0.000000	0	0	0
1250	15	1	1	0.000000	1.000000	1.000000	0.000000	0.000000	0	0	0
1251	17	1	1	0.000000	1.000000	1.000000	0.000000	0.000000	0	0	0
1252	2	1	1	0.000000	1.000000	1.000000	0.000000	0.000000	0	0	0
1253	15	1	1	0.000000	1.866667	1.866667	0.000000	0.000000	0	0	0
1254	21	1	1	0.000000	1.000000	1.000000	0.000000	0.000000	0	0	0
1255	51	1	1	0.000000	1.000000	1.000000	0.000000	0.000000	0	0	0
1256	51	1	0	0.000000	1.000000	1.000000	0.000000	0.000000	0	0	0
1257	54	1	0	0.000000	1.000000	1.000000	0.000000	0.000000	0	0	0
1258	1	2	3	0.000000	3.000000	3.000000	0.000000	0.000000	0	0	0
1259	1	1	1	0.000000	2.000000	2.000000	0.000000	0.000000	0	0	0
1260	2	1	1	0.000000	1.000000	1.000000	0.000000	0.000000	0	0	0
1261	7	1	1	0.000000	1.000000	1.000000	0.000000	0.000000	0	0	0
1262	1	1	1	0.000000	1.000000	1.000000	0.000000	0.000000	0	0	0
1263	3	1	1	0.000000	1.000000	1.000000	0.000000	0.000000	0	0	0
1264	11	1	1	0.000000	1.000000	1.000000	0.000000	0.000000	0	0	0
1265	57	1	0	0.000000	1.000000	1.000000	0.000000	0.000000	0	0	0
1266	2	1	1	0.000000	1.000000	1.000000	0.000000	0.000000	0	0	0
1267	20	2	2	0.000000	25.650000	18.900000	0.000000	0.000000	0	0	0
1268	18	1	1	0.000000	1.000000	1.000000	0.000000	0.000000	0	0	0
1269	2	1	2	0.000000	2.000000	2.000000	0.000000	0.000000	0	0	0
1270	12	1	2	0.000000	1.083333	1.083333	0.000000	0.000000	0	0	0
1271	1	2	1	0.000000	2.000000	2.000000	0.000000	0.000000	0	0	0
1272	34	1	1	0.000000	1.000000	1.000000	0.000000	0.000000	0	0	0
1273	11	1	2	0.000000	2.000000	1.636364	0.000000	0.000000	0	0	0
1274	44	1	0	0.000000	1.000000	1.000000	0.000000	0.000000	0	0	0
1275	3	1	1	0.000000	1.333333	1.333333	0.000000	0.000000	0	0	0
1276	60	1	1	0.000000	1.000000	1.000000	0.000000	0.000000	0	0	0
1277	1	2	2	0.000000	3.000000	3.000000	0.000000	0.000000	0	0	0
1278	1	1	1	0.000000	1.000000	1.000000	0.000000	0.000000	0	0	0
1279	6	1	2	0.000000	2.000000	2.000000	0.000000	0.000000	0	0	0
1280	26	1	1	0.000000	1.000000	1.000000	0.000000	0.000000	0	0	0
1281	15	1	1	0.000000	1.000000	1.000000	0.000000	0.000000	0	0	0
1282	38	1	0	0.000000	1.000000	1.000000	0.000000	0.000000	0	0	0
1283	15	1	1	0.000000	1.000000	1.000000	0.000000	0.000000	0	0	0
1284	30	1	0	0.000000	1.000000	1.000000	0.000000	0.000000	0	0	0
1285	17	1	1	0.000000	1.000000	1.000000	0.000000	0.000000	0	0	0
1286	14	1	1	0.000000	1.000000	1.000000	0.000000	0.000000	0	0	0
1287	6	1	1	0.000000	1.500000	1.166667	0.000000	0.000000	0	0	0
1288	67	1	0	0.000000	1.000000	1.000000	0.000000	0.000000	0	0	0
1289	1	1	2	0.000000	2.000000	2.000000	0.000000	0.000000	0	0	0
1290	53	1	0	0.000000	1.000000	1.000000	0.000000	0.000000	0	0	0
1291	15	1	1	0.000000	1.000000	1.000000	0.000000	0.000000	0	0	0
1292	1	1	1	0.000000	1.000000	1.000000	0.000000	0.000000	0	0	0
1293	2	2	2	0.000000	2.000000	2.000000	0.000000	0.000000	0	0	0
1294	17	1	1	0.000000	1.000000	1.000000	0.000000	0.000000	0	0	0
1295	15	1	1	0.000000	1.000000	1.000000	0.000000	0.000000	0	0	0
1296	29	1	1	0.000000	1.000000	1.000000	0.000000	0.000000	0	0	0
1297	52	1	1	0.000000	1.000000	1.000000	0.000000	0.000000	0	0	0
1298	1	1	2	0.000000	2.000000	2.000000	0.000000	0.000000	0	0	0
1299	32	1	0	0.000000	1.000000	1.000000	0.000000	0.000000	0	0	0
1300	15	1	1	0.000000	1.000000	1.000000	0.000000	0.000000	0	0	0
1301	42	1	0	0.000000	1.523810	1.023810	0.000000	0.000000	0	0	0
1302	50	1	0	0.000000	1.000000	1.000000	0.000000	0.000000	0	0	0
1303	35	1	0	0.000000	1.000000	1.000000	0.000000	0.000000	0	0	0
1304	1	1	1	0.000000	1.000000	1.000000	0.000000	0.000000	0	0	0
1305	20	1	1	0.000000	1.000000	1.000000	0.000000	0.000000	0	0	0
1306	2	2	1	0.000000	4.500000	2.000000	0.000000	0.000000	0	0	0
1307	15	1	1	0.000000	1.000000	1.000000	0.000000	0.000000	0	0	0
1308	31	1	0	0.000000	1.000000	1.000000	0.000000	0.000000	0	0	0
1309	33	1	2	0.000000	1.090909	1.090909	0.000000	0.000000	0	0	0
1310	13	1	1	0.000000	1.000000	1.000000	0.000000	0.000000	0	0	0
1311	5	2	1	0.000000	11.200000	5.800000	0.000000	0.000000	0	0	0
1312	19	1	1	0.000000	1.000000	1.000000	0.000000	0.000000	0	0	0
1313	19	1	1	0.000000	1.000000	1.000000	0.000000	0.000000	0	0	0
1314	65	1	0	0.000000	1.000000	1.000000	0.000000	0.000000	0	0	0
1315	15	1	1	0.000000	1.400000	1.266667	0.000000	0.000000	0	0	0
1316	7	1	1	0.000000	1.142857	1.142857	0.000000	0.000000	0	0	0
1317	15	1	1	0.000000	1.000000	1.000000	0.000000	0.000000	0	0	0
1318	21	1	1	0.000000	1.000000	1.000000	0.000000	0.000000	0	0	0
1319	31	1	1	0.000000	1.000000	1.000000	0.000000	0.000000	0	0	0
1320	21	1	1	0.000000	1.000000	1.000000	0.000000	0.000000	0	0	0
1321	1	1	2	0.000000	2.000000	2.000000	0.000000	0.000000	0	0	0
1322	30	1	0	0.000000	1.000000	1.000000	0.000000	0.000000	0	0	0
1323	16	1	1	0.000000	1.000000	1.000000	0.000000	0.000000	0	0	0
1324	34	1	0	0.000000	1.000000	1.000000	0.000000	0.000000	0	0	0
1325	33	1	1	0.000000	1.000000	1.000000	0.000000	0.000000	0	0	0
1326	10	2	1	0.000000	1.100000	1.100000	0.000000	0.000000	0	0	0
1327	5	1	1	0.000000	1.000000	1.000000	0.000000	0.000000	0	0	0
1328	15	1	1	0.000000	1.000000	1.000000	0.000000	0.000000	0	0	0
1329	3	2	1	0.000000	1.333333	1.333333	0.000000	0.000000	0	0	0
1330	64	1	1	0.000000	1.000000	1.000000	0.000000	0.000000	0	0	0
1331	1	1	1	0.000000	1.000000	1.000000	0.000000	0.000000	0	0	0
1332	1	1	1	0.000000	1.000000	1.000000	0.000000	0.000000	0	0	0
1333	6	1	1	0.000000	1.000000	1.000000	0.000000	0.000000	0	0	0
1334	24	1	1	0.000000	1.000000	1.000000	0.000000	0.000000	0	0	0
1335	47	1	0	0.000000	1.000000	1.000000	0.000000	0.000000	0	0	0
1336	15	1	1	0.000000	1.000000	1.000000	0.000000	0.000000	0	0	0
1337	34	1	0	0.000000	1.000000	1.000000	0.000000	0.000000	0	0	0
1338	45	1	0	0.000000	1.066667	1.066667	0.000000	0.000000	0	0	0
1339	25	1	1	0.000000	1.000000	1.000000	0.000000	0.000000	0	0	0
1340	64	1	1	0.000000	1.000000	1.000000	0.000000	0.000000	0	0	0
1341	55	1	0	0.000000	1.000000	1.000000	0.000000	0.000000	0	0	0
1342	4	2	1	0.000000	1.000000	1.000000	0.000000	0.000000	0	0	0
1343	11	2	1	0.000000	4.545455	4.090909	0.000000	0.000000	0	0	0
1344	15	1	1	0.000000	1.000000	1.000000	0.000000	0.000000	0	0	0
1345	13	1	1	0.000000	1.000000	1.000000	0.000000	0.000000	0	0	0
1346	8	2	1	0.000000	1.125000	1.125000	0.000000	0.000000	0	0	0
1347	4	1	1	0.000000	1.000000	1.000000	0.000000	0.000000	0	0	0
1348	49	1	1	0.000000	1.000000	1.000000	0.000000	0.000000	0	0	0
1349	1	2	2	0.000000	17.000000	2.000000	0.000000	0.000000	0	0	0
1350	39	1	0	0.000000	1.000000	1.000000	0.000000	0.000000	0	0	0
1351	7	1	1	0.000000	1.000000	1.000000	0.000000	0.000000	0	0	0
1352	15	1	1	0.000000	1.000000	1.000000	0.000000	0.000000	0	0	0
1353	18	1	1	0.000000	1.000000	1.000000	0.000000	0.000000	0	0	0
1354	12	1	1	0.000000	2.000000	2.000000	0.000000	0.000000	0	0	0
1355	2	1	1	0.000000	2.000000	2.000000	0.000000	0.000000	0	0	0
1356	14	2	1	0.000000	2.857143	2.857143	0.000000	0.000000	0	0	0
1357	1	1	1	0.000000	1.000000	1.000000	0.000000	0.000000	0	0	0
1358	15	1	1	0.000000	1.000000	1.000000	0.000000	0.000000	0	0	0
1359	13	1	1	0.000000	2.230769	1.384615	0.000000	0.000000	0	0	0
1360	16	1	1	0.000000	1.000000	1.000000	0.000000	0.000000	0	0	0
1361	1	2	2	0.000000	2.000000	2.000000	0.000000	0.000000	0	0	0
1362	25	1	1	0.000000	1.000000	1.000000	0.000000	0.000000	0	0	0
1363	1	1	2	0.000000	2.000000	2.000000	0.000000	0.000000	0	0	0
1364	31	1	1	0.000000	1.000000	1.000000	0.000000	0.000000	0	0	0
1365	49	1	0	0.000000	1.000000	1.000000	0.000000	0.000000	0	0	0
1366	14	1	1	0.000000	1.142857	1.142857	0.000000	0.000000	0	0	0
1367	15	1	1	0.000000	1.000000	1.000000	0.000000	0.000000	0	0	0
1368	71	1	0	0.000000	1.000000	1.000000	0.000000	0.000000	0	0	0
1369	1	1	1	0.000000	1.000000	1.000000	0.000000	0.000000	0	0	0
1370	12	1	1	0.000000	1.000000	1.000000	0.000000	0.000000	0	0	0
1371	8	1	1	0.000000	2.500000	2.250000	0.000000	0.000000	0	0	0
1372	34	1	0	0.000000	1.000000	1.000000	0.000000	0.000000	0	0	0
1373	15	1	1	0.000000	1.000000	1.000000	0.000000	0.000000	0	0	0
1374	15	1	1	0.000000	1.000000	1.000000	0.000000	0.000000	0	0	0
1375	18	1	1	0.000000	1.000000	1.000000	0.000000	0.000000	0	0	0
1376	7	2	1	0.000000	2.000000	2.000000	0.000000	0.000000	0	0	0
1377	43	1	1	0.000000	1.000000	1.000000	0.000000	0.000000	0	0	0
1378	17	1	1	0.000000	1.000000	1.000000	0.000000	0.000000	0	0	0
1379	1	1	1	0.000000	1.000000	1.000000	0.000000	0.000000	0	0	0
1380	5	1	1	0.000000	1.000000	1.000000	0.000000	0.000000	0	0	0
1381	16	1	1	0.000000	1.000000	1.000000	0.000000	0.000000	0	0	0
1382	5	1	1	0.000000	1.000000	1.000000	0.000000	0.000000	0	0	0
1383	4	2	1	0.000000	17.250000	1.000000	0.000000	0.000000	0	0	0
1384	9	1	1	0.000000	1.000000	1.000000	0.000000	0.000000	0	0	0
1385	8	1	2	0.000000	2.000000	1.125000	0.000000	0.000000	0	0	0
1386	9	1	1	0.000000	1.000000	1.000000	0.000000	0.000000	0	0	0
1387	39	1	0	0.000000	1.000000	1.000000	0.000000	0.000000	0	0	0
1388	15	1	1	0.000000	1.000000	1.000000	0.000000	0.000000	0	0	0
1389	16	1	1	0.000000	1.000000	1.000000	0.000000	0.000000	0	0	0
1390	2	1	1	0.000000	1.000000	1.000000	0.000000	0.000000	0	0	0
1391	1	1	1	0.000000	1.000000	1.000000	0.000000	0.000000	0	0	0
1392	7	1	1	0.000000	1.000000	1.000000	0.000000	0.000000	0	0	0
1393	1	1	1	0.000000	1.000000	1.000000	0.000000	0.000000	0	0	0
1394	6	1	1	0.000000	1.000000	1.000000	0.000000	0.000000	0	0	0
1395	1	1	2	0.000000	2.000000	2.000000	0.000000	0.000000	0	0	0
1396	1	1	1	0.000000	1.000000	1.000000	0.000000	0.000000	0	0	0
1397	36	1	1	0.000000	1.000000	1.000000	0.000000	0.000000	0	0	0
1398	30	1	0	0.000000	1.000000	1.000000	0.000000	0.000000	0	0	0
1399	30	1	0	0.000000	1.000000	1.000000	0.000000	0.000000	0	0	0
1400	15	1	1	0.000000	1.000000	1.000000	0.000000	0.000000	0	0	0
1401	32	1	0	0.000000	1.000000	1.000000	0.000000	0.000000	0	0	0
1402	2	1	1	0.000000	1.000000	1.000000	0.000000	0.000000	0	0	0
1403	52	1	0	0.000000	1.000000	1.000000	0.000000	0.000000	0	0	0
1404	6	1	1	0.000000	1.000000	1.000000	0.000000	0.000000	0	0	0
1405	3	2	1	0.000000	2.000000	2.000000	0.000000	0.000000	0	0	0
1406	3	1	1	0.000000	1.000000	1.000000	0.000000	0.000000	0	0	0
1407	6	1	1	0.000000	1.000000	1.000000	0.000000	0.000000	0	0	0
1408	3	1	1	0.000000	1.000000	1.000000	0.000000	0.000000	0	0	0
1409	10	1	1	0.000000	1.000000	1.000000	0.000000	0.000000	0	0	0
1410	32	1	0	0.000000	1.000000	1.000000	0.000000	0.000000	0	0	0
1411	8	1	1	0.000000	1.000000	1.000000	0.000000	0.000000	0	0	0
1412	5	1	2	0.000000	21.800000	1.400000	0.000000	0.000000	0	0	0
1413	46	1	0	0.000000	1.000000	1.000000	0.000000	0.000000	0	0	0
1414	10	1	1	0.000000	1.000000	1.000000	0.000000	0.000000	0	0	0
1415	31	1	1	0.000000	1.000000	1.000000	0.000000	0.000000	0	0	0
1416	39	1	0	0.000000	1.000000	1.000000	0.000000	0.000000	0	0	0
1417	15	1	1	0.000000	1.000000	1.000000	0.000000	0.000000	0	0	0
1418	30	1	0	0.000000	1.000000	1.000000	0.000000	0.000000	0	0	0
1419	54	1	0	0.000000	1.000000	1.000000	0.000000	0.000000	0	0	0
1420	13	1	1	0.000000	1.000000	1.000000	0.000000	0.000000	0	0	0
1421	2	1	1	0.000000	1.000000	1.000000	0.000000	0.000000	0	0	0
1422	72	1	0	0.000000	1.000000	1.000000	0.000000	0.000000	0	0	0
1423	38	1	0	0.000000	1.000000	1.000000	0.000000	0.000000	0	0	0
1424	5	1	1	0.000000	1.000000	1.000000	0.000000	0.000000	0	0	0
1425	51	1	0	0.000000	1.000000	1.000000	0.000000	0.000000	0	0	0
1426	48	1	0	0.000000	1.000000	1.000000	0.000000	0.000000	0	0	0
1427	9	1	1	0.000000	1.000000	1.000000	0.000000	0.000000	0	0	0
1428	32	1	0	0.000000	1.000000	1.000000	0.000000	0.000000	0	0	0
1429	50	1	1	0.000000	1.000000	1.000000	0.000000	0.000000	0	0	0
1430	13	1	1	0.000000	1.000000	1.000000	0.000000	0.000000	0	0	0
1431	2	1	1	0.000000	15.500000	2.000000	0.000000	0.000000	0	0	0
1432	11	1	1	0.000000	21.181818	1.000000	0.000000	0.000000	0	0	0
1433	1	2	2	0.000000	42.000000	2.000000	0.000000	0.000000	0	0	0
1434	1	1	1	0.000000	2.000000	2.000000	0.000000	0.000000	0	0	0
1435	31	1	1	0.000000	1.000000	1.000000	0.000000	0.000000	0	0	0
1436	34	1	0	0.000000	1.000000	1.000000	0.000000	0.000000	0	0	0
1437	14	1	1	0.000000	1.000000	1.000000	0.000000	0.000000	0	0	0
1438	15	1	1	0.000000	1.000000	1.000000	0.000000	0.000000	0	0	0
1439	4	1	1	0.000000	1.000000	1.000000	0.000000	0.000000	0	0	0
1440	21	1	1	0.000000	1.952381	1.190476	0.000000	0.000000	0	0	0
1441	4	1	1	0.000000	1.000000	1.000000	0.000000	0.000000	0	0	0
1442	41	1	0	0.000000	1.000000	1.000000	0.000000	0.000000	0	0	0
1443	11	1	1	0.000000	2.000000	1.181818	0.000000	0.000000	0	0	0
1444	37	1	0	0.000000	1.000000	1.000000	0.000000	0.000000	0	0	0
1445	41	1	0	0.000000	1.000000	1.000000	0.000000	0.000000	0	0	0
1446	22	1	1	0.000000	1.000000	1.000000	0.000000	0.000000	0	0	0
1447	37	1	1	0.000000	1.000000	1.000000	0.000000	0.000000	0	0	0
1448	22	1	1	0.000000	1.000000	1.000000	0.000000	0.000000	0	0	0
1449	1	1	1	0.000000	1.000000	1.000000	0.000000	0.000000	0	0	0
1450	30	1	0	0.000000	1.000000	1.000000	0.000000	0.000000	0	0	0
1451	10	1	1	0.000000	1.000000	1.000000	0.000000	0.000000	0	0	0
1452	81	1	0	0.000000	1.000000	1.000000	0.000000	0.000000	0	0	0
1453	36	1	0	0.000000	1.000000	1.000000	0.000000	0.000000	0	0	0
1454	34	1	0	0.000000	1.000000	1.000000	0.000000	0.000000	0	0	0
1455	23	1	1	0.000000	1.000000	1.000000	0.000000	0.000000	0	0	0
1456	8	1	1	0.000000	1.000000	1.000000	0.000000	0.000000	0	0	0
1457	37	1	0	0.000000	1.189189	1.189189	0.000000	0.000000	0	0	0
1458	5	1	1	0.000000	1.000000	1.000000	0.000000	0.000000	0	0	0
1459	15	1	1	0.000000	1.000000	1.000000	0.000000	0.000000	0	0	0
1460	4	1	1	0.000000	1.000000	1.000000	0.000000	0.000000	0	0	0
1461	1	1	1	0.000000	1.000000	1.000000	0.000000	0.000000	0	0	0
1462	38	1	0	0.000000	1.000000	1.000000	0.000000	0.000000	0	0	0
1463	41	1	1	0.000000	1.000000	1.000000	0.000000	0.000000	0	0	0
1464	6	1	1	0.000000	1.000000	1.000000	0.000000	0.000000	0	0	0
1465	15	1	1	0.000000	1.000000	1.000000	0.000000	0.000000	0	0	0
1466	1	1	1	0.000000	1.000000	1.000000	0.000000	0.000000	0	0	0
1467	41	1	1	0.000000	1.000000	1.000000	0.000000	0.000000	0	0	0
1468	11	1	1	0.000000	1.000000	1.000000	0.000000	0.000000	0	0	0
1469	61	1	0	0.000000	1.000000	1.000000	0.000000	0.000000	0	0	0
1470	2	1	1	0.000000	1.000000	1.000000	0.000000	0.000000	0	0	0
1471	30	1	1	0.000000	1.000000	1.000000	0.000000	0.000000	0	0	0
1472	35	1	0	0.000000	1.000000	1.000000	0.000000	0.000000	0	0	0
1473	15	1	1	0.000000	1.000000	1.000000	0.000000	0.000000	0	0	0
1474	21	1	1	0.000000	1.000000	1.000000	0.000000	0.000000	0	0	0
1475	5	1	1	0.000000	1.000000	1.000000	0.000000	0.000000	0	0	0
1476	15	1	1	0.000000	1.000000	1.000000	0.000000	0.000000	0	0	0
1477	3	1	1	0.000000	1.000000	1.000000	0.000000	0.000000	0	0	0
1478	4	1	1	0.000000	1.000000	1.000000	0.000000	0.000000	0	0	0
1479	3	1	1	0.000000	1.000000	1.000000	0.000000	0.000000	0	0	0
